desc: I1 cache:         32768 B, 64 B, 8-way associative
desc: D1 cache:         32768 B, 64 B, 8-way associative
desc: LL cache:         20971520 B, 64 B, 20-way associative
cmd: ./hello
events: Ir I1mr ILmr Dr D1mr DLmr Dw D1mw DLmw 
fl=/build/eglibc-ripdx6/eglibc-2.19/csu/../csu/init-first.c
fn=_init
52 8 1 1 0 0 0 4 0 0
58 4 1 1 1 0 0 1 1 1
65 5 1 1 4 0 0 0 0 0
70 1 0 0 0 0 0 1 1 1
71 1 0 0 0 0 0 1 0 0
72 2 0 0 1 0 0 1 1 1
86 4 0 0 0 0 0 1 0 0
94 1 0 0 0 0 0 1 0 0
99 6 0 0 5 0 0 0 0 0
fl=/build/eglibc-ripdx6/eglibc-2.19/csu/../sysdeps/generic/dl-hash.h
fn=_init
43 1 0 0 0 0 0 0 0 0
44 1 0 0 0 0 0 0 0 0
45 13 0 0 4 0 0 0 0 0
48 12 0 0 0 0 0 0 0 0
49 8 0 0 0 0 0 0 0 0
62 8 0 0 0 0 0 0 0 0
67 1 1 1 0 0 0 0 0 0
fl=/build/eglibc-ripdx6/eglibc-2.19/csu/../sysdeps/unix/sysv/linux/x86_64/init-first.c
fn=_init
38 7 1 1 0 0 0 4 0 0
40 4 0 0 0 0 0 1 0 0
41 2 0 0 0 0 0 0 0 0
42 2 1 1 0 0 0 0 0 0
43 2 1 1 1 0 0 0 0 0
44 1 0 0 0 0 0 1 1 0
46 3 0 0 0 0 0 1 0 0
50 3 0 0 0 0 0 0 0 0
51 2 0 0 1 0 0 0 0 0
52 1 0 0 0 0 0 1 0 0
fl=/build/eglibc-ripdx6/eglibc-2.19/csu/../sysdeps/x86_64/multiarch/init-arch.c
fn=__init_cpu_features
31 7 1 1 0 0 0 4 0 0
37 3 0 0 0 0 0 0 0 0
38 3 0 0 0 0 0 0 0 0
39 2 0 0 0 0 0 0 0 0
45 1 0 0 0 0 0 1 0 0
54 3 1 1 0 0 0 1 0 0
57 6 0 0 0 0 0 0 0 0
59 3 0 0 0 0 0 0 0 0
65 3 0 0 0 0 0 0 0 0
66 2 1 1 0 0 0 0 0 0
71 2 0 0 0 0 0 0 0 0
74 12 1 1 0 0 0 0 0 0
101 2 1 1 0 0 0 0 0 0
123 1 0 0 1 1 1 0 0 0
127 1 1 1 0 0 0 0 0 0
152 2 1 1 1 0 0 0 0 0
153 7 0 0 0 0 0 4 0 0
160 3 0 0 1 0 0 0 0 0
164 2 0 0 0 0 0 0 0 0
166 3 1 1 0 0 0 0 0 0
170 2 1 1 0 0 0 0 0 0
171 1 0 0 1 0 0 0 0 0
173 2 0 0 0 0 0 0 0 0
176 2 0 0 1 0 0 0 0 0
184 6 1 1 0 0 0 0 0 0
185 5 0 0 0 0 0 0 0 0
186 2 0 0 0 0 0 0 0 0
189 1 0 0 0 0 0 1 0 0
190 1 0 0 0 0 0 1 0 0
192 1 0 0 0 0 0 1 0 0
193 2 0 0 2 0 0 0 0 0
fl=/build/eglibc-ripdx6/eglibc-2.19/csu/libc-start.c
fn=(below main)
133 10 1 1 0 0 0 8 0 0
137 7 2 2 1 0 0 1 0 0
219 2 0 0 0 0 0 0 0 0
220 4 0 0 0 0 0 1 0 0
242 6 0 0 2 0 0 0 0 0
245 2 0 0 0 0 0 0 0 0
246 5 1 1 4 0 0 1 0 0
250 4 0 0 2 0 0 0 0 0
265 2 0 0 0 0 0 0 0 0
274 2 0 0 0 0 0 1 0 0
275 2 1 1 0 0 0 0 0 0
280 2 0 0 1 1 0 1 0 0
281 2 0 0 1 1 0 1 0 0
284 2 0 0 0 0 0 1 0 0
287 6 0 0 5 0 0 1 0 0
321 2 0 0 0 0 0 1 0 0
fl=/build/eglibc-ripdx6/eglibc-2.19/ctype/ctype-info.c
fn=__ctype_init
31 7 2 2 5 3 0 1 0 0
33 4 0 0 2 0 0 1 0 0
35 5 1 1 3 0 0 1 0 0
fl=/build/eglibc-ripdx6/eglibc-2.19/elf/../elf/dl-runtime.c
fn=_dl_fixup
66 20 1 1 0 0 0 12 0 0
68 4 0 0 4 0 0 0 0 0
69 8 0 0 8 0 0 0 0 0
72 20 0 0 8 2 0 0 0 0
73 28 1 1 8 0 0 4 0 0
74 12 0 0 8 0 0 0 0 0
79 8 0 0 0 0 0 0 0 0
83 8 0 0 4 1 1 0 0 0
85 2 0 0 0 0 0 0 0 0
87 12 0 0 4 0 0 0 0 0
91 6 0 0 6 1 0 0 0 0
92 12 1 1 3 0 0 0 0 0
94 12 0 0 3 0 0 0 0 0
100 4 0 0 0 0 0 0 0 0
101 12 0 0 4 0 0 0 0 0
108 8 1 1 4 1 0 4 0 0
111 40 0 0 8 1 0 12 0 0
115 12 1 1 4 0 0 0 0 0
119 16 0 0 4 0 0 4 0 0
125 24 0 0 8 0 0 0 0 0
133 4 0 0 4 0 0 0 0 0
141 16 1 1 4 0 0 0 0 0
145 12 0 0 4 0 0 0 0 0
149 20 0 0 16 0 0 0 0 0
fl=/build/eglibc-ripdx6/eglibc-2.19/elf/../elf/dl-sysdep.c
fn=_dl_sysdep_start
86 8 1 1 0 0 0 7 1 1
87 2 0 0 0 0 0 0 0 0
88 1 0 0 0 0 0 0 0 0
110 1 0 0 0 0 0 1 0 0
111 75 2 2 23 3 3 4 3 3
114 2 0 0 0 0 0 1 0 0
115 1 0 0 0 0 0 1 1 1
117 90 2 2 23 1 1 10 0 0
118 111 1 1 21 3 3 0 0 0
121 1 0 0 1 0 0 0 0 0
122 1 0 0 0 0 0 0 0 0
124 1 0 0 1 1 1 0 0 0
125 1 0 0 0 0 0 0 0 0
127 1 1 1 1 1 1 0 0 0
128 1 0 0 0 0 0 0 0 0
130 1 0 0 1 0 0 0 0 0
131 1 0 0 0 0 0 0 0 0
151 1 1 1 1 1 1 0 0 0
152 1 0 0 0 0 0 0 0 0
154 1 0 0 1 0 0 0 0 0
155 1 0 0 0 0 0 0 0 0
157 1 1 1 1 0 0 0 0 0
158 1 0 0 0 0 0 0 0 0
163 1 0 0 1 0 0 0 0 0
164 1 0 0 0 0 0 0 0 0
179 1 0 0 1 0 0 0 0 0
180 1 0 0 0 0 0 0 0 0
232 3 1 1 0 0 0 2 0 0
234 5 1 1 0 0 0 1 0 0
246 3 0 0 1 0 0 0 0 0
249 6 0 0 2 0 0 1 0 0
250 1 0 0 1 0 0 0 0 0
251 8 0 0 7 1 0 0 0 0
fn=_dl_sysdep_start_cleanup
256 1 1 1 1 0 0 0 0 0
fl=/build/eglibc-ripdx6/eglibc-2.19/elf/../misc/sbrk.c
fn=sbrk
34 4 1 1 0 0 0 2 1 1
42 6 1 1 2 0 0 0 0 0
46 2 0 0 0 0 0 0 0 0
57 5 0 0 3 0 0 0 0 0
fl=/build/eglibc-ripdx6/eglibc-2.19/elf/../string/bits/string2.h
fn=handle_ld_preload
961 375 1 1 47 0 0 0 0 0
962 97 0 0 0 0 0 0 0 0
963 93 0 0 0 0 0 0 0 0
fl=/build/eglibc-ripdx6/eglibc-2.19/elf/../sysdeps/unix/sysv/linux/dl-osinfo.h
fn=security_init
61 2 0 0 0 0 0 0 0 0
84 2 1 1 1 0 0 1 0 0
86 1 0 0 1 0 0 0 0 0
93 1 0 0 1 0 0 0 0 0
101 2 0 0 0 0 0 0 0 0
112 1 1 1 1 0 0 0 0 0
fl=/build/eglibc-ripdx6/eglibc-2.19/elf/../sysdeps/unix/sysv/linux/dl-sysdep.c
fn=_dl_discover_osversion
45 7 1 1 0 0 0 6 0 0
47 3 0 0 1 0 0 0 0 0
87 5 1 1 0 0 0 1 1 1
102 1 1 1 0 0 0 0 0 0
106 1 0 0 0 0 0 0 0 0
107 1 0 0 0 0 0 0 0 0
109 12 0 0 3 2 2 0 0 0
111 6 0 0 0 0 0 0 0 0
113 17 0 0 4 0 0 0 0 0
115 1 0 0 0 0 0 0 0 0
116 2 0 0 0 0 0 0 0 0
119 3 0 0 0 0 0 0 0 0
120 3 1 1 0 0 0 0 0 0
121 3 0 0 0 0 0 0 0 0
123 13 0 0 0 0 0 0 0 0
128 2 0 0 0 0 0 0 0 0
132 8 0 0 7 0 0 0 0 0
fn=_dl_sysdep_start
35 2 0 0 0 0 0 1 0 0
fl=/build/eglibc-ripdx6/eglibc-2.19/elf/../sysdeps/unix/sysv/linux/dl-vdso.c
fn=_dl_vdso_vsym
26 4 0 0 0 0 0 0 0 0
27 8 1 1 8 1 0 0 0 0
28 8 1 1 4 0 0 0 0 0
31 8 0 0 0 0 0 0 0 0
fl=/build/eglibc-ripdx6/eglibc-2.19/elf/../sysdeps/unix/sysv/linux/x86_64/brk.c
fn=brk
28 1 0 0 0 0 0 0 0 0
31 7 1 1 0 0 0 1 1 1
33 2 0 0 0 0 0 0 0 0
39 1 0 0 0 0 0 0 0 0
40 1 0 0 1 0 0 0 0 0
fl=/build/eglibc-ripdx6/eglibc-2.19/elf/../sysdeps/x86_64/dl-machine.h
fn=_dl_fixup
210 4 0 0 0 0 0 4 0 0
fn=_dl_relocate_object
71 16 1 1 4 0 0 0 0 0
77 6 1 1 6 2 0 0 0 0
81 9 0 0 3 3 2 0 0 0
87 3 0 0 0 0 0 3 0 0
95 9 0 0 3 0 0 0 0 0
108 6 0 0 0 0 0 3 0 0
111 12 1 1 3 2 1 0 0 0
244 202 0 0 0 0 0 0 0 0
265 202 0 0 0 0 0 0 0 0
269 202 0 0 0 0 0 0 0 0
276 4043 12 12 802 86 73 710 4 0
278 460 0 0 190 0 0 0 0 0
281 380 1 1 95 0 0 0 0 0
287 707 1 1 101 3 3 0 0 0
320 2 1 1 0 0 0 0 0 0
321 3 0 0 1 0 0 1 0 0
382 30 1 1 10 0 0 0 0 0
386 50 1 1 10 1 0 0 0 0
391 50 0 0 20 1 1 10 8 8
410 270 0 0 90 12 10 90 12 6
422 18 0 0 0 0 0 6 0 0
487 3582 0 0 1194 299 299 0 0 0
492 2388 0 0 0 0 0 0 0 0
493 3582 0 0 1194 149 149 1194 227 225
503 31 0 0 18 0 0 0 0 0
507 26 0 0 0 0 0 0 0 0
509 39 0 0 13 0 0 0 0 0
510 13 0 0 13 2 1 0 0 0
527 10 0 0 10 1 1 0 0 0
529 5 0 0 0 0 0 5 0 0
530 5 0 0 0 0 0 5 0 0
fn=_dl_start
58 3 0 0 1 1 1 0 0 0
241 10 0 0 0 0 0 0 0 0
269 20 0 0 0 0 0 0 0 0
278 40 0 0 20 2 2 0 0 0
281 40 0 0 10 6 6 0 0 0
287 61 0 0 10 1 1 0 0 0
391 10 1 1 10 2 2 0 0 0
400 10 0 0 0 0 0 10 2 2
492 20 0 0 10 1 1 0 0 0
493 30 0 0 10 1 1 10 2 2
fn=_dl_sysdep_start
200 5 0 0 2 1 1 0 0 0
fl=/build/eglibc-ripdx6/eglibc-2.19/elf/../sysdeps/x86_64/dl-trampoline.S
fn=_dl_runtime_resolve
34 4 1 1 0 0 0 0 0 0
36 4 0 0 0 0 0 4 0 0
37 4 0 0 0 0 0 4 0 0
38 4 1 1 0 0 0 4 0 0
39 4 0 0 0 0 0 4 0 0
40 4 0 0 0 0 0 4 0 0
41 4 0 0 0 0 0 4 0 0
42 4 0 0 0 0 0 4 0 0
43 4 0 0 4 0 0 0 0 0
44 4 0 0 4 0 0 0 0 0
45 4 0 0 0 0 0 4 0 0
46 4 0 0 0 0 0 0 0 0
47 4 0 0 4 0 0 0 0 0
48 4 0 0 4 0 0 0 0 0
49 4 0 0 4 0 0 0 0 0
50 4 0 0 4 0 0 0 0 0
51 4 1 1 4 0 0 0 0 0
52 4 0 0 4 0 0 0 0 0
53 4 0 0 4 0 0 0 0 0
54 4 0 0 0 0 0 0 0 0
56 4 0 0 0 0 0 0 0 0
fl=/build/eglibc-ripdx6/eglibc-2.19/elf/dl-altinit.c
fn=dlinit_alt
33 3 0 0 2 0 0 0 0 0
34 1 0 0 1 0 0 0 0 0
fl=/build/eglibc-ripdx6/eglibc-2.19/elf/dl-cache.c
fn=_dl_cache_libcmp
138 27 1 1 18 9 9 0 0 0
139 90 0 0 0 0 0 0 0 0
141 132 0 0 0 0 0 0 0 0
143 46 1 1 0 0 0 0 0 0
149 3 0 0 0 0 0 0 0 0
150 2 0 0 0 0 0 0 0 0
151 4 0 0 1 0 0 0 0 0
153 5 1 1 1 0 0 0 0 0
155 2 0 0 0 0 0 0 0 0
161 86 1 1 0 0 0 0 0 0
163 156 0 0 70 1 1 0 0 0
164 8 0 0 0 0 0 0 0 0
167 35 0 0 0 0 0 0 0 0
168 35 0 0 0 0 0 0 0 0
171 2 0 0 0 0 0 0 0 0
172 18 0 0 9 0 0 0 0 0
fn=_dl_load_cache_lookup
182 8 1 1 0 0 0 6 0 0
190 2 0 0 1 0 0 0 0 0
193 3 0 0 1 0 0 0 0 0
196 5 1 1 0 0 0 1 1 1
204 5 1 1 1 0 0 0 0 0
205 6 0 0 0 0 0 1 0 0
209 1 0 0 0 0 0 1 0 0
212 4 0 0 1 0 0 0 0 0
215 2 0 0 0 0 0 1 0 0
216 3 1 1 0 0 0 0 0 0
217 5 0 0 0 0 0 1 0 0
219 2 0 0 0 0 0 0 0 0
244 3 1 1 1 0 0 0 0 0
253 5 0 0 2 0 0 1 0 0
259 4 1 1 0 0 0 2 0 0
263 7 0 0 2 0 0 2 0 0
264 6 0 0 3 0 0 0 0 0
278 211 9 9 28 7 7 10 0 0
294 2 1 1 1 0 0 0 0 0
299 9 0 0 7 0 0 0 0 0
fn=_dl_unload_cache
308 1 0 0 0 0 0 0 0 0
309 4 1 1 1 1 0 0 0 0
311 2 0 0 1 1 0 1 0 0
312 1 0 0 0 0 0 1 0 0
314 2 0 0 1 0 0 0 0 0
fl=/build/eglibc-ripdx6/eglibc-2.19/elf/dl-debug.c
fn=_dl_debug_initialize
50 8 1 1 0 0 0 0 0 0
51 4 1 1 4 0 0 0 0 0
55 14 1 1 4 1 0 0 0 0
58 1 0 0 0 0 0 1 0 0
59 2 0 0 0 0 0 1 0 0
60 6 0 0 2 0 0 1 0 0
61 2 0 0 0 0 0 1 0 0
fn=_dl_debug_state
74 2 0 0 2 0 0 0 0 0
fl=/build/eglibc-ripdx6/eglibc-2.19/elf/dl-deps.c
fn=_dl_map_object_deps
147 11 1 1 0 0 0 9 0 0
148 9 1 1 0 0 0 1 0 0
160 6 0 0 0 0 0 2 1 1
161 2 0 0 0 0 0 2 0 0
162 10 3 3 0 0 0 3 0 0
164 1 0 0 0 0 0 0 0 0
168 8 0 0 2 0 0 2 0 0
178 8 0 0 1 0 0 0 0 0
179 1 0 0 1 0 0 0 0 0
182 3 0 0 0 0 0 2 0 0
188 1 0 0 0 0 0 1 0 0
189 1 0 0 0 0 0 1 0 0
201 2 0 0 1 0 0 1 0 0
202 1 0 0 0 0 0 0 0 0
203 1 0 0 0 0 0 1 0 0
204 2 1 1 0 0 0 2 0 0
209 4 0 0 0 0 0 0 0 0
210 4 0 0 0 0 0 0 0 0
213 4 0 0 0 0 0 4 0 0
217 16 1 1 8 0 0 0 0 0
218 17 0 0 7 0 0 0 0 0
220 2 0 0 0 0 0 0 0 0
222 6 1 1 4 0 0 0 0 0
224 26 1 1 2 0 0 4 0 0
229 16 0 0 8 1 1 0 0 0
231 6 0 0 4 0 0 2 0 0
236 2 0 0 0 0 0 2 0 0
237 2 0 0 0 0 0 2 0 0
238 4 1 1 2 0 0 2 0 0
239 4 0 0 2 0 0 2 0 0
242 206 0 0 54 0 0 2 0 0
243 96 1 1 0 0 0 0 0 0
249 14 0 0 4 0 0 2 0 0
251 2 0 0 0 0 0 2 0 0
254 12 1 1 8 0 0 2 0 0
256 6 0 0 2 0 0 0 0 0
271 2 0 0 2 0 0 0 0 0
273 4 1 1 2 0 0 0 0 0
278 6 0 0 0 0 0 0 0 0
281 2 0 0 0 0 0 2 0 0
282 2 0 0 0 0 0 2 0 0
283 2 0 0 0 0 0 2 0 0
284 4 0 0 2 0 0 2 0 0
286 8 0 0 2 0 0 2 0 0
288 10 1 1 2 0 0 4 0 0
292 4 0 0 0 0 0 0 0 0
293 3 0 0 0 0 0 1 0 0
295 138 1 1 0 0 0 0 0 0
343 9 1 1 0 0 0 4 0 0
471 8 0 0 0 0 0 0 0 0
473 6 1 1 0 0 0 2 0 0
475 4 0 0 0 0 0 2 0 0
476 4 0 0 0 0 0 0 0 0
477 4 0 0 0 0 0 0 0 0
480 2 0 0 0 0 0 2 1 1
481 12 0 0 0 0 0 2 0 0
482 10 0 0 0 0 0 2 0 0
485 2 0 0 0 0 0 2 0 0
486 2 0 0 2 0 0 0 0 0
490 16 1 1 8 0 0 0 0 0
492 4 1 1 4 0 0 0 0 0
493 17 0 0 3 0 0 0 0 0
497 6 0 0 2 0 0 0 0 0
498 2 1 1 1 0 0 1 0 0
501 5 0 0 2 0 0 1 0 0
511 2 0 0 0 0 0 1 0 0
512 3 1 1 1 0 0 0 0 0
514 2 0 0 0 0 0 0 0 0
519 7 0 0 2 0 0 1 0 0
520 4 1 1 1 0 0 1 0 0
522 23 1 1 9 0 0 1 0 0
528 12 0 0 4 0 0 4 2 2
532 8 0 0 8 0 0 0 0 0
535 2 0 0 1 0 0 0 0 0
586 6 0 0 3 0 0 1 0 0
587 1 0 0 0 0 0 1 0 0
588 3 0 0 1 0 0 0 0 0
623 7 2 2 1 0 0 2 0 0
625 3 0 0 0 0 0 0 0 0
629 16 1 1 6 0 0 3 0 0
630 8 2 2 0 0 0 2 0 0
631 3 0 0 1 0 0 1 0 0
635 3 0 0 3 0 0 0 0 0
636 6 0 0 3 0 0 0 0 0
642 17 0 0 3 0 0 0 0 0
644 12 1 1 6 0 0 0 0 0
645 8 0 0 0 0 0 0 0 0
647 9 0 0 3 0 0 0 0 0
648 6 0 0 0 0 0 0 0 0
658 2 1 1 2 0 0 0 0 0
670 3 0 0 0 0 0 0 0 0
673 9 0 0 3 0 0 0 0 0
676 35 0 0 9 0 0 9 0 0
683 2 0 0 1 0 0 1 0 0
685 2 0 0 1 0 0 1 0 0
686 1 0 0 1 0 0 0 0 0
687 3 1 1 1 0 0 0 0 0
694 3 0 0 1 0 0 0 0 0
697 2 0 0 0 0 0 0 0 0
700 8 0 0 7 0 0 0 0 0
fn=openaux
60 4 1 1 0 0 0 2 0 0
63 20 1 1 8 0 0 4 0 0
64 4 0 0 2 0 0 0 0 0
67 2 0 0 2 0 0 0 0 0
68 4 0 0 4 0 0 0 0 0
fl=/build/eglibc-ripdx6/eglibc-2.19/elf/dl-environ.c
fn=_dl_next_ld_env_entry
30 3 1 1 3 0 0 0 0 0
31 1 0 0 0 0 0 0 0 0
33 68 0 0 22 0 0 0 0 0
35 42 1 1 21 9 9 0 0 0
36 18 0 0 8 0 0 0 0 0
38 2 0 0 0 0 0 0 0 0
41 4 0 0 0 0 0 2 0 0
43 2 0 0 2 0 0 0 0 0
46 19 0 0 0 0 0 0 0 0
50 1 0 0 1 0 0 0 0 0
fl=/build/eglibc-ripdx6/eglibc-2.19/elf/dl-error.c
fn=_dl_catch_error
163 12 1 1 0 0 0 9 0 0
175 6 0 0 0 0 0 6 3 3
176 6 1 1 0 0 0 6 1 1
177 6 0 0 0 0 0 6 0 0
178 6 0 0 0 0 0 3 1 1
180 6 0 0 3 0 0 6 1 1
181 6 0 0 3 0 0 3 0 0
182 6 0 0 0 0 0 3 0 0
185 18 1 1 0 0 0 3 0 0
187 9 0 0 6 0 0 3 0 0
188 9 0 0 6 0 0 3 0 0
189 6 0 0 3 0 0 3 0 0
190 6 0 0 3 0 0 3 0 0
191 6 1 1 3 0 0 3 0 0
199 12 0 0 6 0 0 0 0 0
fn=_dl_receive_error
205 10 0 0 0 0 0 6 0 0
206 2 0 0 1 0 0 1 0 0
210 1 0 0 1 0 0 0 0 0
211 1 1 1 1 0 0 0 0 0
214 1 0 0 0 0 0 1 0 0
215 1 0 0 0 0 0 1 0 0
217 2 0 0 0 0 0 1 0 0
219 1 0 0 0 0 0 1 0 0
220 1 0 0 0 0 0 1 0 0
221 8 0 0 7 0 0 0 0 0
fl=/build/eglibc-ripdx6/eglibc-2.19/elf/dl-fini.c
fn=_dl_fini
131 8 1 1 0 0 0 6 0 0
143 1 0 0 0 0 0 0 0 0
144 1 0 0 0 0 0 1 0 0
150 1 0 0 0 0 0 1 0 0
153 12 1 1 2 1 0 2 0 0
156 2 1 1 1 1 0 1 0 0
159 2 0 0 2 0 0 0 0 0
162 2 0 0 0 0 0 0 0 0
164 6 0 0 3 0 0 0 0 0
171 2 0 0 1 0 0 0 0 0
175 4 1 1 1 0 0 0 0 0
177 2 0 0 1 0 0 0 0 0
180 9 0 0 0 0 0 1 0 0
183 2 0 0 0 0 0 1 0 0
191 12 0 0 4 0 0 0 0 0
193 8 1 1 4 0 0 0 0 0
195 8 0 0 4 0 0 0 0 0
197 12 0 0 4 0 0 4 0 0
198 4 0 0 0 0 0 4 0 0
199 4 0 0 4 0 0 0 0 0
203 4 0 0 4 0 0 0 0 0
205 2 1 1 1 0 0 0 0 0
210 6 0 0 2 0 0 1 0 0
219 2 0 0 1 0 0 1 0 0
223 13 0 0 5 0 0 0 0 0
225 4 0 0 4 0 0 0 0 0
227 12 1 1 4 0 0 0 0 0
230 8 0 0 0 0 0 4 0 0
233 12 0 0 4 0 0 0 0 0
234 4 1 1 2 0 0 0 0 0
237 4 0 0 2 0 0 0 0 0
244 4 0 0 0 0 0 0 0 0
248 4 0 0 4 0 0 0 0 0
249 2 0 0 2 0 0 0 0 0
250 4 1 1 2 0 0 0 0 0
251 12 0 0 0 0 0 0 0 0
252 4 0 0 2 0 0 2 0 0
256 6 0 0 2 0 0 0 0 0
257 6 0 0 4 1 0 2 0 0
262 24 1 1 8 0 0 0 0 0
278 8 0 0 4 0 0 0 0 0
283 6 0 0 2 0 0 0 0 0
289 2 1 1 1 0 0 0 0 0
296 8 0 0 7 0 0 0 0 0
fn=_dl_sort_fini
32 13 2 2 0 0 0 10 0 0
34 2 0 0 0 0 0 0 0 0
39 4 0 0 0 0 0 1 0 0
40 6 1 1 0 0 0 1 0 0
41 3 0 0 1 0 0 1 0 0
45 9 0 0 3 0 0 3 0 0
46 9 0 0 3 0 0 0 0 0
50 15 1 1 6 0 0 0 0 0
56 14 0 0 4 0 0 1 0 0
57 14 0 0 0 0 0 0 0 0
59 12 0 0 6 1 0 0 0 0
60 8 0 0 0 0 0 0 0 0
62 9 0 0 3 1 0 0 0 0
63 6 0 0 0 0 0 0 0 0
93 9 1 1 3 0 0 0 0 0
114 3 0 0 0 0 0 0 0 0
118 16 0 0 3 0 0 0 0 0
121 27 1 1 11 0 0 6 0 0
125 8 1 1 7 0 0 0 0 0
fl=/build/eglibc-ripdx6/eglibc-2.19/elf/dl-hwcaps.c
fn=_dl_important_hwcaps
39 12 1 1 0 0 0 10 1 1
41 1 0 0 1 0 0 0 0 0
42 4 0 0 0 0 0 1 0 0
51 3 1 1 1 0 0 0 0 0
61 4 1 1 1 0 0 1 0 0
92 2 1 1 0 0 0 0 0 0
113 1 1 1 0 0 0 0 0 0
115 5 0 0 0 0 0 1 0 0
130 6 1 1 0 0 0 0 0 0
131 2 0 0 0 0 0 0 0 0
133 2 0 0 0 0 0 0 0 0
145 2 1 1 0 0 0 0 0 0
162 2 1 1 0 0 0 0 0 0
170 2 1 1 1 0 0 0 0 0
172 4 0 0 1 0 0 1 0 0
173 4 0 0 1 0 0 1 0 0
177 3 1 1 0 0 0 1 0 0
178 1 0 0 0 0 0 1 0 0
181 2 0 0 0 0 0 0 0 0
184 2 0 0 0 0 0 0 0 0
188 12 1 1 2 0 0 3 0 0
189 2 0 0 0 0 0 0 0 0
207 12 2 2 1 0 0 6 0 0
208 5 0 0 0 0 0 1 0 0
209 4 1 1 2 0 0 0 0 0
238 3 0 0 0 0 0 2 0 0
241 2 0 0 0 0 0 0 0 0
243 5 1 1 2 0 0 2 0 0
244 7 0 0 2 0 0 4 0 0
269 19 2 2 3 0 0 0 0 0
270 8 0 0 0 0 0 4 0 0
274 12 1 1 0 0 0 0 0 0
277 28 0 0 0 0 0 0 0 0
278 24 1 1 0 0 0 0 0 0
279 12 0 0 8 0 0 0 0 0
281 4 0 0 0 0 0 0 0 0
284 3 0 0 1 0 0 0 0 0
285 1 0 0 0 0 0 0 0 0
286 12 1 1 3 0 0 0 0 0
299 6 0 0 2 0 0 2 0 0
300 2 0 0 0 0 0 0 0 0
302 4 0 0 0 0 0 0 0 0
305 3 0 0 2 0 0 1 0 0
307 1 0 0 0 0 0 0 0 0
308 8 0 0 7 0 0 0 0 0
fl=/build/eglibc-ripdx6/eglibc-2.19/elf/dl-init.c
fn=_dl_init
36 26 1 1 5 0 0 4 0 0
86 11 1 1 0 0 0 6 0 0
87 1 0 0 1 1 0 0 0 0
88 1 0 0 1 0 0 0 0 0
91 3 1 1 1 0 0 0 0 0
94 2 0 0 0 0 0 1 0 0
98 4 0 0 1 0 0 0 0 0
125 15 0 0 0 0 0 0 0 0
126 12 0 0 8 0 0 0 0 0
132 8 0 0 7 0 0 0 0 0
fn=call_init.part.0
34 36 1 1 0 0 0 20 1 0
42 12 0 0 4 0 0 4 0 0
45 16 0 0 8 1 0 0 0 0
46 3 0 0 0 0 0 0 0 0
50 9 0 0 3 3 0 0 0 0
51 2 0 0 1 1 0 0 0 0
55 4 1 1 2 0 0 0 0 0
63 4 0 0 0 0 0 0 0 0
64 12 0 0 4 2 0 2 0 0
67 2 0 0 2 1 0 0 0 0
68 4 0 0 0 0 0 0 0 0
74 6 0 0 4 2 0 0 0 0
76 4 0 0 4 0 0 0 0 0
77 16 1 1 0 0 0 0 0 0
78 15 0 0 3 0 0 3 0 0
80 24 1 1 24 0 0 0 0 0
fl=/build/eglibc-ripdx6/eglibc-2.19/elf/dl-load.c
fn=_dl_init_paths
742 9 1 1 0 0 0 7 0 0
755 6 1 1 2 0 0 2 0 0
759 1 0 0 0 0 0 1 0 0
760 3 0 0 0 0 0 1 0 0
761 2 0 0 0 0 0 0 0 0
768 3 0 0 0 0 0 0 0 0
769 5 1 1 1 0 0 2 0 0
772 5 0 0 0 0 0 2 0 0
774 3 0 0 1 0 0 0 0 0
780 1 0 0 0 0 0 1 0 0
781 1 0 0 0 0 0 1 0 0
789 15 1 1 0 0 0 3 0 0
791 9 2 2 0 0 0 4 0 0
792 7 0 0 0 0 0 4 3 3
794 5 0 0 0 0 0 4 1 1
795 14 0 0 3 1 1 4 0 0
796 29 1 1 4 0 0 9 0 0
799 9 0 0 3 1 1 0 0 0
803 22 1 1 11 0 0 5 0 0
809 1 0 0 0 0 0 1 1 1
810 1 0 0 0 0 0 1 0 0
814 1 1 1 1 0 0 0 0 0
815 2 0 0 0 0 0 0 0 0
817 4 0 0 1 0 0 0 0 0
819 3 0 0 1 0 0 0 0 0
836 1 0 0 0 0 0 1 0 0
838 3 1 1 1 0 0 0 0 0
852 2 1 1 0 0 0 1 0 0
857 5 2 2 2 0 0 0 0 0
863 5 0 0 0 0 0 1 0 0
865 12 1 1 1 0 0 2 0 0
881 2 0 0 0 0 0 0 0 0
882 61 1 1 15 0 0 0 0 0
883 14 0 0 0 0 0 0 0 0
884 42 0 0 0 0 0 0 0 0
886 1 0 0 0 0 0 1 0 0
887 1 0 0 0 0 0 1 0 0
888 2 0 0 0 0 0 0 0 0
894 8 1 1 1 0 0 2 0 0
898 3 0 0 2 0 0 0 0 0
904 1 0 0 0 0 0 1 0 0
908 8 0 0 7 0 0 0 0 0
fn=_dl_map_object
172 3 1 1 1 0 0 1 0 0
173 3 0 0 0 0 0 2 0 0
175 3 0 0 1 0 0 0 0 0
178 4 0 0 2 0 0 1 0 0
719 9 3 3 3 0 0 0 0 0
2339 30 1 1 0 0 0 24 4 4
2346 6 0 0 0 0 0 0 0 0
2347 6 0 0 3 1 1 0 0 0
2350 45 1 1 9 0 0 0 0 0
2355 21 0 0 7 0 0 0 0 0
2356 14 0 0 0 0 0 0 0 0
2358 36 1 1 0 0 0 7 0 0
2362 12 0 0 6 0 0 0 0 0
2363 18 1 1 6 0 0 0 0 0
2366 2 0 0 2 0 0 0 0 0
2367 4 0 0 4 0 0 0 0 0
2368 8 0 0 0 0 0 2 0 0
2384 4 0 0 2 0 0 0 0 0
2394 10 1 1 2 0 0 0 0 0
2418 2 0 0 0 0 0 2 2 2
2420 10 0 0 0 0 0 2 0 0
2424 4 1 1 0 0 0 2 1 1
2426 2 0 0 1 0 0 0 0 0
2433 4 1 1 1 0 0 0 0 0
2437 2 1 1 1 0 0 1 0 0
2438 2 0 0 0 0 0 1 0 0
2442 3 1 1 1 0 0 0 0 0
2443 1 0 0 0 0 0 0 0 0
2445 13 1 1 0 0 0 5 0 0
2457 5 2 2 4 0 0 0 0 0
2458 7 1 1 2 0 0 0 0 0
2459 1 0 0 0 0 0 0 0 0
2468 2 0 0 1 0 0 0 0 0
2469 18 1 1 2 0 0 4 0 0
2475 6 0 0 0 0 0 2 0 0
2476 1 0 0 0 0 0 0 0 0
2478 2 1 1 1 0 0 1 0 0
2484 4 1 1 0 0 0 1 0 0
2486 3 0 0 1 0 0 0 0 0
2490 3 0 0 0 0 0 2 0 0
2492 2 0 0 0 0 0 0 0 0
2496 3 1 1 1 0 0 0 0 0
2504 2 0 0 1 0 0 0 0 0
2526 8 0 0 2 0 0 1 0 0
2529 3 0 0 0 0 0 1 0 0
2531 1 1 1 0 0 0 1 0 0
2532 3 0 0 1 0 0 0 0 0
2552 2 1 1 1 0 0 0 0 0
2558 1 0 0 0 0 0 1 0 0
2560 6 0 0 0 0 0 1 0 0
2561 3 1 1 0 0 0 0 0 0
2562 1 0 0 0 0 0 0 0 0
2565 7 0 0 0 0 0 1 0 0
2568 2 0 0 0 0 0 0 0 0
2580 6 2 1 0 0 0 0 0 0
2582 4 0 0 0 0 0 0 0 0
2626 4 0 0 2 0 0 2 0 0
2627 24 1 1 4 0 0 8 0 0
2629 24 0 0 21 0 0 0 0 0
fn=_dl_map_object_from_fd
485 2 1 1 1 0 0 0 0 0
945 30 2 2 0 0 0 20 2 2
956 8 0 0 2 0 0 4 1 1
957 2 1 1 0 0 0 2 0 0
960 12 1 1 0 0 0 2 0 0
971 29 0 0 9 0 0 0 0 0
972 26 1 1 14 1 1 0 0 0
989 4 1 1 2 0 0 0 0 0
1014 4 0 0 2 0 0 0 0 0
1024 4 0 0 2 0 0 0 0 0
1046 8 0 0 4 0 0 0 0 0
1078 4 0 0 0 0 0 0 0 0
1081 16 0 0 8 0 0 2 0 0
1082 4 0 0 0 0 0 0 0 0
1093 6 1 1 4 0 0 2 1 1
1094 6 0 0 4 0 0 2 0 0
1095 4 0 0 2 0 0 2 0 0
1097 10 0 0 0 0 0 0 0 0
1098 8 1 1 4 0 0 0 0 0
1099 2 0 0 0 0 0 0 0 0
1114 2 0 0 0 0 0 2 0 0
1123 24 1 1 4 0 0 6 0 0
1124 2 0 0 0 0 0 0 0 0
1125 2 0 0 0 0 0 0 0 0
1131 142 0 0 0 0 0 0 0 0
1132 136 1 1 17 2 2 0 0 0
1138 4 0 0 2 0 0 2 0 0
1139 6 1 1 2 0 0 2 0 0
1140 2 0 0 0 0 0 0 0 0
1143 2 0 0 1 0 0 1 0 0
1144 1 0 0 0 0 0 0 0 0
1149 20 1 1 8 0 0 0 0 0
1155 24 1 1 8 0 0 0 0 0
1156 4 0 0 0 0 0 0 0 0
1163 20 0 0 4 0 0 0 0 0
1164 16 1 1 0 0 0 4 2 2
1165 12 0 0 4 0 0 0 0 0
1166 8 0 0 0 0 0 4 2 2
1167 4 0 0 0 0 0 4 0 0
1168 8 0 0 4 0 0 4 0 0
1169 8 0 0 0 0 0 4 0 0
1173 8 0 0 0 0 0 0 0 0
1174 6 0 0 2 0 0 0 0 0
1179 28 0 0 4 0 0 4 0 0
1189 4 0 0 0 0 0 0 0 0
1192 3 1 1 1 1 1 0 0 0
1196 1 0 0 0 0 0 1 1 1
1197 2 0 0 1 0 0 1 0 0
1198 2 0 0 0 0 0 0 0 0
1199 1 0 0 0 0 0 0 0 0
1201 3 0 0 1 0 0 1 0 0
1202 2 1 1 1 0 0 1 0 0
1205 2 0 0 1 0 0 1 0 0
1209 4 0 0 1 0 0 0 0 0
1215 3 0 0 1 0 0 2 1 1
1216 1 0 0 0 0 0 0 0 0
1220 8 0 0 2 0 0 2 0 0
1228 10 1 1 0 0 0 0 0 0
1272 4 1 1 2 0 0 2 0 0
1273 8 1 1 0 0 0 0 0 0
1276 4 0 0 2 0 0 2 0 0
1277 6 0 0 4 0 0 2 0 0
1278 2 0 0 0 0 0 0 0 0
1281 6 0 0 0 0 0 0 0 0
1294 16 1 1 10 0 0 2 0 0
1296 4 0 0 2 0 0 0 0 0
1310 2 0 0 2 0 0 0 0 0
1315 14 1 1 8 0 0 4 1 1
1319 4 0 0 0 0 0 0 0 0
1326 6 0 0 2 0 0 2 0 0
1327 6 0 0 4 0 0 2 0 0
1329 4 1 1 0 0 0 0 0 0
1335 12 1 1 2 0 0 2 0 0
1336 2 1 1 2 0 0 0 0 0
1339 2 0 0 2 0 0 0 0 0
1341 2 0 0 2 0 0 0 0 0
1362 20 1 1 4 0 0 0 0 0
1364 8 0 0 4 0 0 0 0 0
1366 20 0 0 8 0 0 2 0 0
1374 12 0 0 4 0 0 0 0 0
1375 6 0 0 4 0 0 2 0 0
1377 8 0 0 4 0 0 0 0 0
1378 5 1 1 3 0 0 0 0 0
1379 6 0 0 2 0 0 0 0 0
1380 5 1 1 1 0 0 0 0 0
1382 4 0 0 0 0 0 1 0 0
1385 16 2 1 8 0 0 0 0 0
1391 4 0 0 2 0 0 0 0 0
1392 2 0 0 0 0 0 0 0 0
1393 10 0 0 2 0 0 0 0 0
1394 4 0 0 0 0 0 0 0 0
1401 4 0 0 0 0 0 0 0 0
1404 4 0 0 0 0 0 0 0 0
1415 14 0 0 0 0 0 6 0 0
1416 10 0 0 6 0 0 0 0 0
1421 4 0 0 0 0 0 0 0 0
1425 8 0 0 1 0 0 1 0 0
1428 2 0 0 0 0 0 0 0 0
1436 4 1 1 0 0 0 0 0 0
1440 8 0 0 4 0 0 0 0 0
1449 6 0 0 2 0 0 2 0 0
1455 4 0 0 0 0 0 0 0 0
1471 6 0 0 2 0 0 0 0 0
1490 4 0 0 2 0 0 2 0 0
1492 10 1 1 4 0 0 0 0 0
1547 6 0 0 2 1 1 0 0 0
1548 2 0 0 1 0 0 1 0 0
1551 8 0 0 2 0 0 2 0 0
1559 14 3 3 2 0 0 0 0 0
1562 8 0 0 4 0 0 2 0 0
1564 4 0 0 2 0 0 0 0 0
1580 4 1 1 0 0 0 2 0 0
1584 4 0 0 2 0 0 0 0 0
1585 4 0 0 2 0 0 0 0 0
1602 4 0 0 2 0 0 0 0 0
1603 1 0 0 0 0 0 1 0 0
1606 4 0 0 2 0 0 2 0 0
1607 4 1 1 2 0 0 2 0 0
1611 4 0 0 2 0 0 0 0 0
1621 6 0 0 2 0 0 2 0 0
1625 8 0 0 2 0 0 0 0 0
1645 16 1 1 14 0 0 0 0 0
fn=expand_dynamic_string_token
172 6 0 0 0 0 0 2 0 0
173 4 0 0 0 0 0 2 0 0
175 4 0 0 0 0 0 0 0 0
178 8 1 1 0 0 0 0 0 0
426 16 2 2 0 0 0 10 0 0
436 10 0 0 0 0 0 2 0 0
451 10 0 0 10 0 0 0 0 0
fn=fillin_rpath
497 16 2 2 0 0 0 12 0 0
499 1 0 0 0 0 0 0 0 0
501 12 0 0 4 0 0 2 0 0
508 2 0 0 1 0 0 0 0 0
510 5 1 1 1 0 0 1 0 0
514 2 0 0 0 0 0 0 0 0
519 2 1 1 0 0 0 1 0 0
520 2 0 0 0 0 0 0 0 0
527 7 1 1 1 0 0 0 0 0
532 2 0 0 0 0 0 1 0 0
536 4 0 0 1 0 0 1 0 0
543 17 1 1 5 0 0 0 0 0
544 8 0 0 4 0 0 0 0 0
562 4 2 2 1 0 0 1 0 0
565 2 0 0 0 0 0 1 0 0
566 4 1 1 2 0 0 1 0 0
567 4 0 0 0 0 0 2 0 0
568 4 0 0 2 0 0 0 0 0
572 1 0 0 0 0 0 1 1 1
573 1 0 0 0 0 0 0 0 0
574 5 0 0 0 0 0 3 0 0
575 1 0 0 0 0 0 1 0 0
577 3 1 1 2 0 0 0 0 0
583 4 0 0 1 0 0 0 0 0
584 14 1 1 0 0 0 0 0 0
585 10 0 0 0 0 0 2 0 0
587 2 0 0 1 0 0 1 0 0
588 2 1 1 1 0 0 0 0 0
593 2 1 1 0 0 0 1 0 0
595 1 0 0 0 0 0 1 0 0
596 1 0 0 0 0 0 1 0 0
599 3 0 0 0 0 0 1 0 0
601 3 1 1 1 0 0 1 0 0
605 1 1 1 0 0 0 1 0 0
608 9 0 0 7 0 0 0 0 0
fn=open_path
2190 14 2 2 0 0 0 12 2 2
2191 2 0 0 1 0 0 1 0 0
2194 1 0 0 0 0 0 1 1 1
2195 1 0 0 0 0 0 1 0 0
2197 2 0 0 0 0 0 0 0 0
2202 8 1 1 2 0 0 0 0 0
2205 1 0 0 1 0 0 0 0 0
2209 2 0 0 0 0 0 0 0 0
2214 2 0 0 1 0 0 0 0 0
2221 5 1 1 2 0 0 2 1 1
2222 16 0 0 1 0 0 0 0 0
2225 8 1 1 4 0 0 0 0 0
2229 52 1 1 24 0 0 8 0 0
2232 4 0 0 0 0 0 0 0 0
2235 8 0 0 4 0 0 0 0 0
2238 28 0 0 16 0 0 4 0 0
2240 12 0 0 4 0 0 0 0 0
2242 8 0 0 0 0 0 0 0 0
2247 8 1 1 4 0 0 0 0 0
2248 36 1 1 16 0 0 0 0 0
2254 17 0 0 5 0 0 5 0 0
2256 24 0 0 4 0 0 4 0 0
2257 2 0 0 1 0 0 0 0 0
2259 21 1 1 4 0 0 4 0 0
2266 8 0 0 0 0 0 0 0 0
2276 2 0 0 0 0 0 1 0 0
2304 1 0 0 0 0 0 0 0 0
2307 5 1 1 1 0 0 0 0 0
2312 1 0 0 1 0 0 0 0 0
2314 4 0 0 3 0 0 0 0 0
2317 3 1 1 1 0 0 0 0 0
2331 11 1 1 7 0 0 0 0 0
fn=open_verify
1895 12 1 1 0 0 0 8 1 1
1931 3 0 0 1 0 0 0 0 0
1952 5 1 1 1 0 0 2 0 0
1953 2 0 0 0 0 0 0 0 0
1963 1 0 0 0 0 0 1 0 0
1964 2 0 0 0 0 0 1 1 1
1969 6 1 1 1 0 0 1 0 0
1971 2 0 0 0 0 0 0 0 0
1973 3 0 0 1 0 0 1 0 0
1975 2 0 0 0 0 0 0 0 0
1981 2 0 0 0 0 0 0 0 0
1997 11 1 1 0 0 0 1 0 0
1999 1 0 0 1 0 0 0 0 0
2001 4 0 0 0 0 0 1 0 0
2028 3 1 1 2 0 0 0 0 0
2072 2 0 0 1 0 0 0 0 0
2077 2 1 1 1 0 0 0 0 0
2080 4 0 0 1 0 0 0 0 0
2085 2 0 0 1 1 1 0 0 0
2092 5 0 0 1 0 0 0 0 0
2093 4 1 1 1 0 0 0 0 0
2094 1 0 0 0 0 0 0 0 0
2109 61 0 0 0 0 0 0 0 0
2111 19 1 1 9 5 5 0 0 0
2115 4 0 0 2 0 0 0 0 0
2116 2 0 0 0 0 0 0 0 0
2125 6 2 2 0 0 0 1 0 0
2128 1 0 0 0 0 0 0 0 0
2129 3 0 0 1 0 0 0 0 0
2130 3 0 0 1 0 0 0 0 0
2132 3 0 0 0 0 0 0 0 0
2176 8 1 1 7 0 0 0 0 0
fn=open_verify.constprop.6
1893 55 1 1 0 0 0 35 1 1
1931 15 0 0 5 0 0 0 0 0
1952 25 0 0 5 0 0 10 1 1
1953 10 1 1 0 0 0 0 0 0
1963 1 0 0 0 0 0 1 0 0
1964 2 0 0 0 0 0 1 0 0
1969 6 0 0 1 0 0 1 0 0
1971 2 0 0 0 0 0 0 0 0
1973 3 0 0 1 0 0 1 0 0
1975 2 1 1 0 0 0 0 0 0
1981 2 0 0 0 0 0 0 0 0
1997 11 0 0 0 0 0 1 0 0
1999 1 0 0 1 0 0 0 0 0
2001 4 1 1 0 0 0 1 0 0
2072 2 0 0 1 0 0 0 0 0
2077 2 0 0 1 0 0 0 0 0
2080 4 1 1 1 0 0 0 0 0
2085 2 0 0 1 1 1 0 0 0
2092 7 1 1 1 0 0 0 0 0
2093 4 0 0 1 0 0 0 0 0
2094 1 0 0 0 0 0 0 0 0
2109 45 0 0 0 0 0 0 0 0
2111 17 1 1 8 5 5 0 0 0
2115 4 0 0 2 0 0 0 0 0
2116 2 0 0 0 0 0 0 0 0
2125 12 1 1 0 0 0 2 0 0
2128 1 0 0 0 0 0 0 0 0
2129 3 0 0 1 0 0 0 0 0
2130 3 0 0 1 0 0 0 0 0
2132 3 0 0 0 0 0 0 0 0
2137 1 0 0 0 0 0 0 0 0
2138 1 0 0 0 0 0 0 0 0
2141 2 1 1 0 0 0 0 0 0
2144 3 0 0 1 0 0 0 0 0
2145 5 0 0 1 0 0 0 0 0
2146 2 0 0 1 0 0 0 0 0
2147 3 0 0 1 0 0 0 0 0
2148 6 0 0 2 0 0 0 0 0
2153 4 1 1 0 0 0 0 0 0
2176 40 0 0 35 0 0 0 0 0
fl=/build/eglibc-ripdx6/eglibc-2.19/elf/dl-lookup.c
fn=_dl_lookup_symbol_x
475 182 1 1 0 0 0 0 0 0
476 5498 0 0 1329 81 80 91 0 0
477 4952 0 0 0 0 0 0 0 0
714 1274 1 1 0 0 0 728 3 0
716 182 1 1 0 0 0 91 0 0
717 182 0 0 0 0 0 182 1 0
720 91 0 0 91 1 0 0 0 0
724 348 0 0 83 0 0 0 0 0
728 182 1 1 0 0 0 91 0 0
729 182 0 0 91 0 0 0 0 0
731 182 0 0 182 2 0 0 0 0
735 752 1 1 6 0 0 182 0 0
737 1183 1 1 546 0 0 637 3 1
740 182 0 0 0 0 0 0 0 0
743 6 0 0 0 0 0 0 0 0
766 182 0 0 91 0 0 0 0 0
768 42 2 2 12 0 0 0 0 0
784 6 0 0 0 0 0 6 0 0
785 12 0 0 0 0 0 0 0 0
788 85 0 0 85 0 0 0 0 0
789 595 0 0 170 0 0 0 0 0
815 85 1 1 0 0 0 0 0 0
824 425 0 0 85 0 0 0 0 0
838 255 0 0 85 1 1 0 0 0
839 2 1 1 0 0 0 1 0 0
841 340 0 0 170 0 0 0 0 0
846 85 1 1 0 0 0 85 0 0
848 728 0 0 637 0 0 0 0 0
fn=_dl_setup_hash
859 12 1 1 4 0 0 0 0 0
863 4 0 0 4 0 0 0 0 0
867 8 0 0 4 4 4 4 1 1
868 4 0 0 4 0 0 0 0 0
869 4 0 0 4 1 1 0 0 0
871 12 0 0 0 0 0 0 0 0
872 4 0 0 0 0 0 4 0 0
873 12 1 1 4 0 0 4 0 0
875 4 0 0 0 0 0 4 0 0
876 8 0 0 0 0 0 0 0 0
878 4 0 0 0 0 0 4 0 0
879 4 0 0 0 0 0 0 0 0
880 16 0 0 0 0 0 4 0 0
881 4 0 0 4 0 0 0 0 0
fn=check_match.9481
131 595 1 1 0 0 0 340 0 0
132 170 0 0 85 9 6 0 0 0
134 340 1 1 170 11 10 0 0 0
136 255 0 0 85 0 0 0 0 0
146 255 0 0 85 0 0 85 1 0
149 260 0 0 130 0 0 15 0 0
153 170 1 1 170 0 0 0 0 0
154 255 0 0 85 0 0 0 0 0
156 166 0 0 0 0 0 0 0 0
175 166 0 0 166 3 1 0 0 0
176 664 0 0 249 1 0 0 0 0
177 415 1 1 166 2 0 83 1 0
204 4 0 0 0 0 0 0 0 0
206 12 0 0 4 1 1 0 0 0
207 8 0 0 2 0 0 0 0 0
222 595 1 1 425 0 0 0 0 0
fn=do_lookup_x
77 728 0 0 273 0 0 455 0 0
82 1092 2 2 182 0 0 637 2 0
83 91 0 0 91 1 0 0 0 0
89 91 0 0 91 0 0 0 0 0
95 288 0 0 0 0 0 288 0 0
96 288 0 0 0 0 0 288 0 0
98 864 0 0 576 6 0 288 0 0
101 576 0 0 0 0 0 0 0 0
105 576 0 0 288 0 0 0 0 0
109 576 1 1 288 4 0 0 0 0
113 576 0 0 288 1 0 0 0 0
119 864 0 0 288 2 0 0 0 0
123 576 0 0 576 8 0 0 0 0
124 864 1 1 576 1 0 288 0 0
225 288 0 0 288 0 0 0 0 0
226 576 0 0 0 0 0 0 0 0
228 288 0 0 288 36 31 0 0 0
229 182 0 0 0 0 0 0 0 0
230 576 0 0 288 0 0 0 0 0
232 364 1 1 0 0 0 0 0 0
233 1152 0 0 288 0 0 0 0 0
236 1152 1 1 0 0 0 0 0 0
237 864 0 0 0 0 0 0 0 0
239 180 0 0 180 46 44 0 0 0
240 360 1 1 0 0 0 0 0 0
241 180 1 1 0 0 0 0 0 0
243 270 0 0 90 0 0 0 0 0
246 895 0 0 179 60 58 0 0 0
248 680 0 0 170 0 0 170 0 0
249 680 1 1 0 0 0 425 1 1
250 425 1 1 255 0 0 0 0 0
253 282 0 0 0 0 0 0 0 0
257 203 0 0 0 0 0 203 0 0
281 406 0 0 203 0 0 0 0 0
286 636 1 1 85 0 0 0 0 0
290 203 1 1 11 1 0 85 0 0
303 170 0 0 85 0 0 85 0 0
304 170 0 0 85 0 0 85 0 0
305 85 0 0 0 0 0 0 0 0
461 1134 0 0 378 0 0 0 0 0
462 209 0 0 76 0 0 76 0 0
465 609 1 1 0 0 0 0 0 0
468 12 0 0 0 0 0 0 0 0
469 728 0 0 637 0 0 0 0 0
fl=/build/eglibc-ripdx6/eglibc-2.19/elf/dl-minimal.c
fn=__libc_memalign
51 88 1 1 0 0 0 44 1 1
52 108 1 1 43 0 0 0 0 0
57 3 0 0 0 0 0 1 0 0
58 3 1 1 1 0 0 0 0 0
59 1 0 0 0 0 0 0 0 0
63 66 0 0 0 0 0 22 0 0
64 22 0 0 0 0 0 0 0 0
66 146 0 0 0 0 0 0 0 0
70 8 1 1 2 0 0 0 0 0
71 6 0 0 0 0 0 0 0 0
77 14 0 0 0 0 0 2 0 0
79 10 0 0 4 0 0 0 0 0
83 6 0 0 0 0 0 2 0 0
86 22 0 0 0 0 0 22 0 0
87 22 0 0 0 0 0 22 0 0
89 170 1 1 66 0 0 0 0 0
fn=calloc
102 8 1 1 0 0 0 0 0 0
106 8 0 0 0 0 0 0 0 0
109 40 0 0 0 0 0 0 0 0
113 8 0 0 0 0 0 0 0 0
fn=free
119 2 0 0 0 0 0 1 0 0
121 2 1 1 1 0 0 0 0 0
128 2 0 0 2 0 0 0 0 0
fn=malloc
93 21 0 0 0 0 0 0 0 0
94 42 0 0 0 0 0 0 0 0
fn=strsep
338 4 1 1 2 0 0 0 0 0
340 2 0 0 2 0 0 0 0 0
341 4 0 0 0 0 0 0 0 0
345 76 1 1 15 0 0 0 0 0
350 56 0 0 28 0 0 0 0 0
352 84 0 0 28 0 0 0 0 0
360 14 0 0 0 0 0 0 0 0
363 1 0 0 0 0 0 1 0 0
367 2 0 0 2 0 0 0 0 0
fl=/build/eglibc-ripdx6/eglibc-2.19/elf/dl-misc.c
fn=_dl_name_match_p
288 165 1 1 0 0 0 66 2 2
289 132 0 0 33 1 0 33 1 1
290 36 0 0 0 0 0 0 0 0
292 33 1 1 33 0 0 0 0 0
294 134 0 0 0 0 0 0 0 0
295 185 0 0 37 1 0 37 0 0
298 34 0 0 34 0 0 0 0 0
300 30 0 0 0 0 0 0 0 0
301 165 1 1 99 0 0 0 0 0
fn=_dl_sysdep_read_whole_file
45 7 1 1 0 0 0 4 0 0
46 1 0 0 0 0 0 0 0 0
52 4 0 0 0 0 0 1 0 0
53 2 0 0 0 0 0 0 0 0
55 6 0 0 0 0 0 1 0 0
57 2 1 1 1 0 0 1 1 1
60 2 0 0 0 0 0 0 0 0
62 8 1 1 0 0 0 1 0 0
73 2 0 0 0 0 0 1 0 0
76 7 0 0 5 0 0 0 0 0
fl=/build/eglibc-ripdx6/eglibc-2.19/elf/dl-object.c
fn=_dl_add_to_namespace_list
32 15 2 2 0 0 0 6 0 0
34 6 0 0 3 0 0 3 0 0
36 22 0 0 3 0 0 0 0 0
39 15 0 0 5 0 0 0 0 0
40 3 0 0 0 0 0 0 0 0
41 2 0 0 0 0 0 2 0 0
43 2 0 0 0 0 0 2 0 0
46 2 1 1 0 0 0 1 0 0
47 9 0 0 3 0 0 0 0 0
48 6 0 0 3 0 0 3 0 0
49 6 0 0 0 0 0 3 0 0
51 9 0 0 3 0 0 0 0 0
52 9 0 0 6 0 0 0 0 0
fn=_dl_new_object
61 42 1 1 0 0 0 30 1 1
62 15 1 1 0 0 0 3 1 1
68 36 0 0 6 0 0 0 0 0
75 15 1 1 0 0 0 6 0 0
78 6 0 0 0 0 0 0 0 0
81 3 0 0 0 0 0 3 3 3
82 6 0 0 0 0 0 3 3 3
86 6 0 0 0 0 0 3 1 1
87 15 1 1 6 0 0 6 2 2
89 3 0 0 0 0 0 3 0 0
97 15 0 0 6 0 0 3 0 0
98 18 1 1 6 3 3 3 0 0
101 6 0 0 3 0 0 0 0 0
102 7 1 1 0 0 0 3 3 3
103 3 0 0 0 0 0 3 1 1
107 3 0 0 0 0 0 3 0 0
110 43 0 0 0 0 0 0 0 0
112 32 0 0 0 0 0 16 5 5
122 6 1 1 0 0 0 3 1 1
123 3 0 0 0 0 0 3 3 3
126 3 0 0 0 0 0 0 0 0
128 18 0 0 3 0 0 0 0 0
130 6 0 0 0 0 0 2 0 0
133 7 1 1 0 0 0 0 0 0
137 6 0 0 2 0 0 0 0 0
141 15 1 1 2 0 0 0 0 0
143 1 0 0 0 0 0 0 0 0
149 1 0 0 0 0 0 1 1 1
152 6 1 1 0 0 0 3 0 0
155 15 0 0 6 0 0 0 0 0
157 10 0 0 2 0 0 4 0 0
161 10 2 1 0 0 0 0 0 0
165 6 1 1 0 0 0 2 0 0
166 8 0 0 0 0 0 0 0 0
211 8 0 0 4 0 0 2 0 0
216 82 0 0 0 0 0 0 0 0
217 88 0 0 42 0 0 0 0 0
222 4 0 0 0 0 0 2 0 0
225 4 0 0 0 0 0 2 0 0
229 24 1 1 21 0 0 0 0 0
fl=/build/eglibc-ripdx6/eglibc-2.19/elf/dl-reloc.c
fn=_dl_relocate_object
154 48 2 2 0 0 0 32 0 0
161 4 0 0 0 0 0 4 0 0
164 8 0 0 0 0 0 0 0 0
165 20 0 0 0 0 0 12 0 0
169 8 0 0 0 0 0 0 0 0
170 16 0 0 8 1 0 0 0 0
176 8 0 0 4 0 0 0 0 0
182 12 1 1 4 0 0 0 0 0
183 8 1 1 4 3 0 0 0 0
186 8 0 0 4 0 0 0 0 0
193 8 0 0 4 1 0 0 0 0
238 12 0 0 8 0 0 4 0 0
264 234 4 4 83 11 1 53 0 0
267 12 0 0 4 0 0 0 0 0
295 4 0 0 4 0 0 0 0 0
298 8 0 0 4 0 0 0 0 0
315 12 1 1 4 2 0 0 0 0
317 32 0 0 28 1 0 0 0 0
323 16 2 2 8 0 0 0 0 0
324 8 0 0 4 0 0 0 0 0
325 8 0 0 0 0 0 0 0 0
328 8 0 0 0 0 0 0 0 0
329 20 0 0 0 0 0 4 0 0
fl=/build/eglibc-ripdx6/eglibc-2.19/elf/dl-tls.c
fn=__tls_get_addr
770 1 1 1 1 0 0 0 0 0
772 3 0 0 2 0 0 0 0 0
775 3 0 0 2 1 0 0 0 0
777 2 0 0 0 0 0 0 0 0
780 1 0 0 1 0 0 0 0 0
781 1 0 0 1 0 0 0 0 0
fn=_dl_add_to_slotinfo
831 4 1 1 0 0 0 3 0 0
837 2 0 0 1 0 0 0 0 0
840 1 0 0 1 1 0 0 0 0
845 5 0 0 1 0 0 0 0 0
886 1 1 1 0 0 0 1 0 0
887 3 0 0 1 1 0 1 0 0
888 4 0 0 4 0 0 0 0 0
fn=_dl_allocate_tls_init
376 8 1 1 0 0 0 7 0 0
377 2 0 0 0 0 0 0 0 0
381 3 1 1 2 1 0 1 0 0
383 1 0 0 0 0 0 0 0 0
384 1 0 0 0 0 0 0 0 0
389 3 0 0 1 0 0 1 0 0
394 12 0 0 2 0 0 0 0 0
400 9 1 1 0 0 0 0 0 0
403 1 1 1 1 0 0 0 0 0
404 2 0 0 0 0 0 0 0 0
410 3 0 0 1 0 0 0 0 0
412 2 1 1 0 0 0 0 0 0
413 2 0 0 1 0 0 0 0 0
422 2 0 0 1 0 0 0 0 0
423 4 0 0 2 0 0 0 0 0
425 2 0 0 0 0 0 0 0 0
426 2 1 1 1 0 0 0 0 0
434 4 0 0 1 0 0 1 1 0
435 1 0 0 0 0 0 1 0 0
436 11 0 0 4 0 0 2 0 0
450 2 1 1 1 0 0 1 0 0
452 1 0 0 1 0 0 0 0 0
453 8 0 0 7 0 0 0 0 0
fn=_dl_allocate_tls_storage
295 2 1 1 1 0 0 0 0 0
296 3 0 0 0 0 0 1 0 0
297 2 0 0 0 0 0 0 0 0
300 1 0 0 0 0 0 1 1 1
306 2 0 0 0 0 0 1 0 0
328 3 1 1 0 0 0 3 0 0
330 1 0 0 1 0 0 0 0 0
341 4 0 0 1 0 0 1 0 0
342 2 0 0 0 0 0 0 0 0
349 1 0 0 0 0 0 0 0 0
353 306 1 1 0 0 0 288 36 36
370 5 0 0 4 0 0 0 0 0
fn=_dl_determine_tlsoffset
112 7 1 1 0 0 0 6 0 0
113 2 0 0 0 0 0 0 0 0
114 1 0 0 0 0 0 0 0 0
115 1 0 0 0 0 0 0 0 0
118 3 0 0 1 0 0 0 0 0
121 2 0 0 1 0 0 0 0 0
123 1 0 0 0 0 0 0 0 0
155 1 0 0 0 0 0 0 0 0
157 10 0 0 2 0 0 0 0 0
159 3 1 1 1 0 0 0 0 0
161 3 0 0 1 0 0 0 0 0
162 2 1 1 1 0 0 0 0 0
164 2 0 0 0 0 0 0 0 0
166 5 0 0 1 0 0 0 0 0
168 2 1 1 0 0 0 0 0 0
182 9 0 0 0 0 0 0 0 0
184 3 0 0 0 0 0 0 0 0
185 1 0 0 0 0 0 0 0 0
194 1 1 1 0 0 0 1 0 0
197 4 0 0 0 0 0 1 0 0
198 1 0 0 0 0 0 1 0 0
249 1 0 0 0 0 0 1 0 0
250 8 1 1 7 0 0 0 0 0
fn=_dl_next_tls_modid
50 1 1 1 0 0 0 0 0 0
53 3 0 0 2 0 0 0 0 0
101 2 0 0 0 0 0 1 0 0
105 2 1 1 1 0 0 0 0 0
fl=/build/eglibc-ripdx6/eglibc-2.19/elf/dl-version.c
fn=_dl_check_all_versions
380 6 1 1 0 0 0 4 0 0
382 2 0 0 0 0 0 0 0 0
384 16 0 0 4 0 0 0 0 0
385 4 0 0 0 0 0 0 0 0
386 40 1 1 4 0 0 4 0 0
389 7 0 0 5 0 0 0 0 0
fn=_dl_check_map_versions
56 24 1 1 4 0 0 0 0 0
57 5 0 0 5 0 0 0 0 0
58 37 0 0 0 0 0 7 0 0
174 44 1 1 0 0 0 32 0 0
175 2 0 0 0 0 0 0 0 0
183 2 0 0 0 0 0 0 0 0
189 12 1 1 4 0 0 0 0 0
191 8 0 0 4 0 0 4 0 0
193 8 0 0 4 0 0 4 0 0
194 8 0 0 4 0 0 4 0 0
196 8 0 0 0 0 0 0 0 0
199 8 1 1 6 0 0 2 0 0
203 12 0 0 4 2 2 0 0 0
220 6 0 0 6 0 0 0 0 0
228 6 0 0 2 0 0 0 0 0
233 14 1 1 4 0 0 0 0 0
237 50 1 1 29 1 1 6 0 0
244 12 0 0 3 0 0 0 0 0
247 11 0 0 3 0 0 0 0 0
252 1 0 0 0 0 0 0 0 0
256 8 1 1 4 0 0 0 0 0
270 12 1 1 4 0 0 0 0 0
273 6 0 0 4 0 0 0 0 0
276 112 0 0 28 8 8 0 0 0
279 84 0 0 28 3 3 0 0 0
283 26 0 0 0 0 0 0 0 0
287 8 1 1 0 0 0 0 0 0
292 3 0 0 0 0 0 3 0 0
293 12 1 1 0 0 0 3 0 0
294 6 0 0 0 0 0 0 0 0
302 3 0 0 0 0 0 3 0 0
305 9 0 0 6 0 0 3 0 0
307 9 0 0 3 0 0 0 0 0
310 8 1 1 6 0 0 0 0 0
314 6 0 0 2 0 0 0 0 0
317 9 0 0 3 0 0 0 0 0
319 9 0 0 0 0 0 0 0 0
321 15 0 0 3 0 0 3 0 0
322 9 0 0 0 0 0 3 2 2
323 9 1 1 3 0 0 3 0 0
324 9 0 0 3 0 0 3 0 0
327 9 0 0 3 0 0 0 0 0
332 1 0 0 0 0 0 0 0 0
335 6 0 0 2 0 0 0 0 0
345 9 0 0 3 0 0 0 0 0
348 8 1 1 6 0 0 0 0 0
352 28 0 0 28 0 0 0 0 0
354 56 0 0 28 0 0 0 0 0
358 26 0 0 26 0 0 0 0 0
359 130 0 0 26 0 0 26 7 7
360 78 0 0 26 0 0 26 0 0
361 26 0 0 0 0 0 26 4 4
364 84 0 0 28 0 0 0 0 0
368 26 0 0 0 0 0 0 0 0
373 7 0 0 0 0 0 0 0 0
374 32 1 1 28 0 0 0 0 0
fn=match_symbol
76 39 1 1 0 0 0 24 1 1
77 6 0 0 6 0 0 0 0 0
85 6 0 0 3 0 0 0 0 0
91 9 1 1 3 0 0 0 0 0
106 3 0 0 3 1 0 0 0 0
107 6 0 0 0 0 0 0 0 0
109 3 0 0 3 0 0 0 0 0
114 20 0 0 10 3 3 0 0 0
128 20 0 0 10 1 1 0 0 0
130 3 1 1 3 0 0 0 0 0
133 18 0 0 3 0 0 3 0 0
140 21 0 0 7 0 0 0 0 0
144 7 0 0 0 0 0 0 0 0
168 24 1 1 21 0 0 0 0 0
fl=/build/eglibc-ripdx6/eglibc-2.19/elf/do-rel.h
fn=_dl_relocate_object
47 16 0 0 8 0 0 0 0 0
48 8 0 0 8 0 0 0 0 0
50 3 0 0 0 0 0 0 0 0
51 3 0 0 0 0 0 3 1 0
58 24 1 1 8 0 0 0 0 0
61 66 0 0 0 0 0 0 0 0
63 54 1 1 18 6 6 0 0 0
65 17 0 0 0 0 0 0 0 0
74 6 0 0 0 0 0 0 0 0
75 29 1 1 9 0 0 0 0 0
76 10 0 0 5 0 0 0 0 0
83 10 0 0 5 0 0 5 0 0
84 5 1 1 5 0 0 0 0 0
86 10 0 0 0 0 0 0 0 0
98 15 0 0 0 0 0 0 0 0
108 9 1 1 1 1 1 0 0 0
111 3590 1 1 0 0 0 0 0 0
112 2388 0 0 1194 0 0 0 0 0
118 15 1 1 5 4 0 0 0 0
121 8 0 0 4 3 0 4 1 0
124 308 1 1 99 0 0 0 0 0
127 384 1 1 96 25 22 0 0 0
136 288 0 0 192 40 37 0 0 0
137 548 1 1 96 0 0 96 1 0
138 178 0 0 96 1 0 0 0 0
139 192 0 0 96 0 0 0 0 0
143 6 0 0 0 0 0 0 0 0
160 23 2 2 5 0 0 4 0 0
162 20 0 0 5 2 2 0 0 0
170 25 0 0 5 0 0 5 0 0
171 10 1 1 10 0 0 0 0 0
174 5 1 1 2 0 0 0 0 0
fn=_dl_start
83 1 0 0 1 0 0 0 0 0
84 1 0 0 1 0 0 0 0 0
111 33 0 0 0 0 0 0 0 0
112 20 0 0 10 3 3 0 0 0
116 2 1 1 1 0 0 0 0 0
124 34 0 0 0 0 0 0 0 0
137 50 1 1 10 2 2 0 0 0
139 20 0 0 10 0 0 0 0 0
fl=/build/eglibc-ripdx6/eglibc-2.19/elf/get-dynamic-info.h
fn=_dl_map_object_from_fd
38 4 0 0 0 0 0 0 0 0
42 2 0 0 0 0 0 0 0 0
44 141 1 1 47 13 13 0 0 0
46 90 1 1 0 0 0 0 0 0
51 42 0 0 0 0 0 0 0 0
52 71 0 0 0 0 0 43 12 12
53 8 0 0 0 0 0 0 0 0
55 2 0 0 0 0 0 0 0 0
56 10 1 1 0 0 0 0 0 0
58 2 0 0 0 0 0 0 0 0
59 10 0 0 0 0 0 0 0 0
60 2 0 0 0 0 0 0 0 0
61 8 0 0 0 0 0 2 0 0
62 45 0 0 0 0 0 0 0 0
69 4 1 1 0 0 0 0 0 0
89 7 0 0 3 0 0 0 0 0
90 8 0 0 4 0 0 0 0 0
91 8 0 0 4 0 0 0 0 0
92 8 1 1 4 0 0 0 0 0
94 8 0 0 4 0 0 0 0 0
99 8 0 0 4 0 0 0 0 0
100 7 0 0 3 1 1 0 0 0
101 8 1 1 4 0 0 0 0 0
107 6 0 0 2 0 0 0 0 0
112 4 0 0 2 0 0 0 0 0
119 4 0 0 2 0 0 0 0 0
120 6 0 0 4 0 0 0 0 0
136 6 1 1 2 0 0 0 0 0
141 2 0 0 1 0 0 1 0 0
143 2 0 0 0 0 0 0 0 0
145 2 0 0 0 0 0 0 0 0
147 2 0 0 0 0 0 0 0 0
150 6 1 1 2 0 0 0 0 0
152 2 0 0 1 0 0 1 1 1
160 2 0 0 1 0 0 0 0 0
161 2 0 0 0 0 0 0 0 0
165 2 0 0 0 0 0 0 0 0
168 4 1 1 2 0 0 0 0 0
fn=_dl_start
44 57 1 1 19 6 6 0 0 0
46 36 0 0 0 0 0 0 0 0
47 26 0 0 0 0 0 13 3 3
51 21 0 0 0 0 0 0 0 0
52 18 2 2 0 0 0 4 2 2
53 4 1 1 0 0 0 0 0 0
55 1 0 0 0 0 0 0 0 0
56 5 1 1 0 0 0 0 0 0
58 2 0 0 0 0 0 0 0 0
59 5 1 1 0 0 0 0 0 0
60 1 0 0 0 0 0 0 0 0
61 5 0 0 0 0 0 1 1 1
62 18 0 0 0 0 0 0 0 0
69 2 0 0 0 0 0 0 0 0
89 4 0 0 2 0 0 0 0 0
90 4 0 0 2 0 0 0 0 0
91 4 1 1 2 0 0 0 0 0
92 4 0 0 2 0 0 0 0 0
94 4 0 0 2 0 0 0 0 0
99 4 0 0 2 0 0 0 0 0
100 4 1 1 2 0 0 0 0 0
101 4 0 0 2 0 0 0 0 0
107 3 0 0 1 0 0 0 0 0
112 2 0 0 1 0 0 0 0 0
119 3 0 0 1 0 0 0 0 0
120 3 1 1 2 0 0 0 0 0
128 3 0 0 1 0 0 0 0 0
130 3 0 0 1 1 1 0 0 0
133 2 1 1 1 0 0 0 0 0
134 2 0 0 1 0 0 0 0 0
fn=dl_main
29 1 0 0 1 0 0 0 0 0
38 2 0 0 0 0 0 0 0 0
42 1 0 0 0 0 0 0 0 0
44 72 0 0 24 7 7 0 0 0
46 46 0 0 0 0 0 0 0 0
51 17 1 1 0 0 0 0 0 0
52 33 0 0 0 0 0 22 5 5
53 4 0 0 0 0 0 0 0 0
55 1 0 0 0 0 0 0 0 0
56 5 1 1 0 0 0 0 0 0
58 1 0 0 0 0 0 0 0 0
59 5 0 0 0 0 0 0 0 0
60 1 0 0 0 0 0 0 0 0
61 4 1 1 0 0 0 1 0 0
62 23 0 0 0 0 0 0 0 0
69 3 0 0 1 0 0 0 0 0
107 3 1 1 1 0 0 0 0 0
112 2 0 0 1 0 0 0 0 0
119 2 1 1 1 0 0 0 0 0
120 3 0 0 2 0 0 0 0 0
136 3 0 0 1 0 0 0 0 0
150 3 1 1 1 0 0 0 0 0
168 2 1 1 1 0 0 0 0 0
fl=/build/eglibc-ripdx6/eglibc-2.19/elf/rtld.c
fn=_dl_initial_error_catch_tsd
813 8 1 1 4 0 0 0 0 0
fn=_dl_start
300 75 4 4 8 1 1 8 2 2
312 2 0 0 0 0 0 1 0 0
313 2 0 0 0 0 0 1 0 0
314 2 0 0 0 0 0 1 0 0
315 2 1 1 0 0 0 1 1 1
316 2 0 0 0 0 0 1 0 0
337 5 0 0 0 0 0 1 0 0
341 1 0 0 0 0 0 1 0 0
347 4 1 0 0 0 0 1 0 0
356 4 1 0 0 0 0 0 0 0
359 2 0 0 1 1 0 1 1 0
363 2 0 0 1 0 0 0 0 0
377 9 2 2 0 0 0 6 1 1
395 5 0 0 0 0 0 1 1 1
421 1 0 0 0 0 0 1 1 1
424 1 0 0 0 0 0 1 1 1
552 2 0 0 0 0 0 0 0 0
557 34 3 3 9 0 0 0 0 0
559 1 0 0 1 1 1 0 0 0
584 9 0 0 7 1 0 0 0 0
fn=dl_main
939 12 2 2 0 0 0 8 1 1
945 1 0 0 0 0 0 0 0 0
947 2 0 0 0 0 0 0 0 0
948 1 0 0 0 0 0 0 0 0
954 1 0 0 0 0 0 1 0 0
958 2 0 0 0 0 0 1 0 0
961 2 0 0 0 0 0 1 1 1
965 2 0 0 0 0 0 1 1 1
966 2 1 1 0 0 0 1 0 0
971 2 0 0 0 0 0 1 0 0
981 4 1 1 2 0 0 0 0 0
1180 8 1 1 0 0 0 1 0 0
1182 2 0 0 0 0 0 0 0 0
1183 1 0 0 0 0 0 1 1 1
1184 2 0 0 1 0 0 1 0 0
1185 3 1 1 2 0 0 1 0 0
1189 3 0 0 0 0 0 1 0 0
1190 2 0 0 1 0 0 0 0 0
1211 1 0 0 0 0 0 1 0 0
1212 1 1 1 0 0 0 1 0 0
1214 1 0 0 0 0 0 1 0 0
1216 1 0 0 1 0 0 0 0 0
1219 36 2 2 3 0 0 0 0 0
1220 71 2 2 9 5 5 0 0 0
1224 3 1 1 1 0 0 1 0 0
1225 1 0 0 0 0 0 0 0 0
1229 3 1 1 2 0 0 1 0 0
1230 1 0 0 0 0 0 0 0 0
1238 1 0 0 0 0 0 1 1 1
1239 2 0 0 2 1 1 0 0 0
1241 2 1 1 0 0 0 1 0 0
1248 3 1 1 1 0 0 0 0 0
1266 1 0 0 0 0 0 0 0 0
1274 4 0 0 2 0 0 0 0 0
1275 10 1 1 3 1 1 0 0 0
1276 4 0 0 2 0 0 0 0 0
1277 1 0 0 0 0 0 1 0 0
1280 4 0 0 2 1 1 0 0 0
1281 4 0 0 2 0 0 0 0 0
1282 2 0 0 0 0 0 2 0 0
1283 6 0 0 3 0 0 0 0 0
1284 2 0 0 0 0 0 1 0 0
1311 2 0 0 1 0 0 1 1 1
1312 1 0 0 0 0 0 0 0 0
1315 2 0 0 1 0 0 1 0 0
1316 2 0 0 1 0 0 1 0 0
1317 1 0 0 0 0 0 0 0 0
1322 3 0 0 1 1 1 0 0 0
1325 2 0 0 0 0 0 0 0 0
1327 2 0 0 0 0 0 0 0 0
1329 2 1 1 1 0 0 0 0 0
1342 3 0 0 1 0 0 0 0 0
1343 11 1 1 6 0 0 2 0 0
1348 1 0 0 0 0 0 1 0 0
1350 1 0 0 0 0 0 1 1 1
1351 1 0 0 0 0 0 1 0 0
1353 2 0 0 1 0 0 0 0 0
1354 2 0 0 0 0 0 1 0 0
1358 2 1 1 1 0 0 0 0 0
1360 2 0 0 0 0 0 0 0 0
1365 2 0 0 0 0 0 1 0 0
1368 4 0 0 0 0 0 1 0 0
1384 3 1 1 0 0 0 1 0 0
1390 9 2 2 1 0 0 2 0 0
1395 2 1 1 1 0 0 1 0 0
1398 4 1 1 1 0 0 2 0 0
1400 1 0 0 0 0 0 1 0 0
1405 2 0 0 1 0 0 0 0 0
1408 3 0 0 2 0 0 1 0 0
1409 4 0 0 1 0 0 1 0 0
1410 2 0 0 0 0 0 1 0 0
1411 1 0 0 0 0 0 1 0 0
1412 1 1 1 1 0 0 0 0 0
1413 1 0 0 1 0 0 0 0 0
1418 2 0 0 1 0 0 0 0 0
1419 5 1 1 1 0 0 1 0 0
1423 1 0 0 1 0 0 0 0 0
1425 4 0 0 1 0 0 0 0 0
1426 2 0 0 0 0 0 1 0 0
1427 4 0 0 1 1 1 1 0 0
1432 2 0 0 0 0 0 0 0 0
1433 6 1 1 1 1 1 0 0 0
1435 2 0 0 1 0 0 1 1 1
1436 2 0 0 1 0 0 1 0 0
1441 2 0 0 1 1 1 0 0 0
1446 3 1 1 1 0 0 0 0 0
1627 3 0 0 1 0 0 0 0 0
1630 2 0 0 1 0 0 1 0 0
1634 3 0 0 1 0 0 0 0 0
1639 2 1 1 1 0 0 1 0 0
1640 1 0 0 0 0 0 1 0 0
1645 3 0 0 1 0 0 0 0 0
1660 3 0 0 2 0 0 0 0 0
1664 3 1 1 1 0 0 0 0 0
1666 5 1 1 0 0 0 0 0 0
1667 3 0 0 0 0 0 2 0 0
1668 4 0 0 0 0 0 0 0 0
1670 3 1 1 1 0 0 0 0 0
1680 5 0 0 0 0 0 1 0 0
1757 4 1 1 2 0 0 0 0 0
1761 8 2 2 1 0 0 0 0 0
1762 1 0 0 0 0 0 0 0 0
1765 2 0 0 0 0 0 1 0 0
1766 1 0 0 1 0 0 0 0 0
1767 2 0 0 0 0 0 0 0 0
1768 2 2 2 1 0 0 0 0 0
1774 5 0 0 0 0 0 0 0 0
1775 8 0 0 1 0 0 1 0 0
1776 4 1 1 0 0 0 0 0 0
1778 2 0 0 1 0 0 0 0 0
1781 13 0 0 2 0 0 0 0 0
1782 16 0 0 8 0 0 0 0 0
1785 3 0 0 2 0 0 1 0 0
1786 3 1 1 1 0 0 0 0 0
1787 1 0 0 0 0 0 1 0 0
1789 12 1 1 0 0 0 0 0 0
1790 9 0 0 4 0 0 0 0 0
1800 2 1 1 0 0 0 1 0 0
1802 2 0 0 1 0 0 1 0 0
1803 2 0 0 1 0 0 0 0 0
1805 3 0 0 0 0 0 1 0 0
1807 3 1 1 0 0 0 0 0 0
1809 3 0 0 1 0 0 0 0 0
1810 1 0 0 1 0 0 0 0 0
1812 3 0 0 0 0 0 0 0 0
1823 2 0 0 0 0 0 0 0 0
1824 2 0 0 0 0 0 1 0 0
1825 3 1 1 1 0 0 0 0 0
1836 4 0 0 0 0 0 1 0 0
1837 1 0 0 0 0 0 1 0 0
1838 5 1 1 0 0 0 1 0 0
1848 2 0 0 1 0 0 1 0 0
1849 2 0 0 1 0 0 0 0 0
1850 2 0 0 0 0 0 2 0 0
1852 2 0 0 1 0 0 0 0 0
1855 1 1 1 0 0 0 1 0 0
1857 2 0 0 1 0 0 0 0 0
2087 3 0 0 1 0 0 0 0 0
2095 1 1 1 1 0 0 0 0 0
2143 2 1 1 0 0 0 1 0 0
2147 4 1 1 2 0 0 2 0 0
2151 2 0 0 1 0 0 1 0 0
2154 2 0 0 0 0 0 0 0 0
2162 2 0 0 0 0 0 0 0 0
2208 3 1 1 1 0 0 0 0 0
2215 1 0 0 1 0 0 0 0 0
2217 11 1 1 1 0 0 1 0 0
2219 13 1 1 1 1 0 0 0 0
2221 12 0 0 8 1 0 0 0 0
2226 8 0 0 8 0 0 0 0 0
2228 10 0 0 0 0 0 0 0 0
2230 1 1 1 0 0 0 1 0 0
2231 1 0 0 1 0 0 0 0 0
2234 4 0 0 4 0 0 0 0 0
2236 12 0 0 0 0 0 0 0 0
2237 24 0 0 6 2 0 3 0 0
2241 14 0 0 5 1 0 0 0 0
2242 3 0 0 0 0 0 1 0 0
2244 4 0 0 0 0 0 0 0 0
2246 2 0 0 0 0 0 1 0 0
2252 2 0 0 1 0 0 0 0 0
2257 4 1 1 2 0 0 0 0 0
2258 1 0 0 1 0 0 0 0 0
2263 2 0 0 1 0 0 1 0 0
2267 2 0 0 1 0 0 0 0 0
2281 3 1 1 2 1 0 0 0 0
2283 4 2 2 1 0 0 0 0 0
2298 5 0 0 0 0 0 0 0 0
2300 1 0 0 1 0 0 0 0 0
2301 5 0 0 1 0 0 1 0 0
2302 4 0 0 0 0 0 0 0 0
2304 3 1 1 1 0 0 0 0 0
2312 1 0 0 0 0 0 1 0 0
2316 3 0 0 1 0 0 0 0 0
2336 3 0 0 0 0 0 1 0 0
2337 1 0 0 0 0 0 1 0 0
2338 1 0 0 0 0 0 1 0 0
2343 1 0 0 0 0 0 1 0 0
2348 8 0 0 7 2 0 0 0 0
2518 2 0 0 1 0 0 1 1 1
2520 1 0 0 0 0 0 0 0 0
2521 1 0 0 0 0 0 0 0 0
2525 13 1 1 1 0 0 4 0 0
2527 15 0 0 3 0 0 3 1 1
2531 105 1 1 21 0 0 0 0 0
2532 19 0 0 0 0 0 0 0 0
2534 4 0 0 0 0 0 0 0 0
2540 16 0 0 2 1 1 0 0 0
2563 6 1 1 0 0 0 1 0 0
2570 6 1 1 0 0 0 1 0 0
2572 3 0 0 0 0 0 1 0 0
2617 3 1 1 1 0 0 0 0 0
2618 6 1 1 0 0 0 1 0 0
2620 3 2 2 0 0 0 1 0 0
2692 3 1 1 1 0 0 0 0 0
2725 3 1 1 1 0 0 0 0 0
fn=handle_ld_preload
109 3 0 0 1 0 0 0 0 0
821 1 0 0 0 0 0 1 1 1
825 1 0 0 0 0 0 1 0 0
826 2 0 0 1 0 0 1 0 0
827 1 0 0 0 0 0 1 0 0
829 1 0 0 1 0 0 0 0 0
831 13 2 2 3 0 0 4 0 0
832 3 0 0 1 0 0 0 0 0
840 3 0 0 1 0 0 0 0 0
906 9 1 1 0 0 0 7 1 1
907 1 0 0 0 0 0 0 0 0
911 6 0 0 2 0 0 0 0 0
915 3 0 0 0 0 0 0 0 0
917 6 2 2 0 0 0 1 0 0
918 3 0 0 0 0 0 1 0 0
925 4 1 1 0 0 0 0 0 0
928 2 0 0 1 0 0 0 0 0
929 1 0 0 0 0 0 0 0 0
932 9 0 0 7 0 0 0 0 0
fn=init_tls
732 1 0 0 0 0 0 1 0 0
734 2 0 0 1 0 0 1 0 0
738 2 0 0 1 0 0 0 0 0
739 1 1 1 0 0 0 0 0 0
744 2 0 0 0 0 0 1 0 0
747 1 0 0 0 0 0 1 0 0
748 4 1 1 0 0 0 1 0 0
753 1 0 0 0 0 0 0 0 0
755 1 0 0 0 0 0 1 0 0
759 2 0 0 1 1 1 0 0 0
760 1 0 0 0 0 0 0 0 0
761 11 1 1 1 0 0 0 0 0
762 8 0 0 4 0 0 0 0 0
763 8 0 0 4 0 0 0 0 0
767 3 0 0 0 0 0 1 0 0
769 1 0 0 0 0 0 0 0 0
771 3 1 1 0 0 0 0 0 0
774 1 0 0 0 0 0 1 0 0
781 2 0 0 0 0 0 1 0 0
782 2 0 0 0 0 0 0 0 0
788 2 1 1 1 0 0 1 0 0
796 7 0 0 0 0 0 2 0 0
800 1 1 1 0 0 0 1 0 0
802 1 0 0 0 0 0 0 0 0
803 2 0 0 2 0 0 0 0 0
fn=map_doit
640 2 1 1 0 0 0 1 0 0
642 8 0 0 3 0 0 2 0 0
644 2 0 0 2 0 0 0 0 0
fn=rtld_lock_default_lock_recursive
853 8 2 1 8 1 1 0 0 0
fn=rtld_lock_default_unlock_recursive
859 8 0 0 8 0 0 0 0 0
fn=security_init
866 2 0 0 0 0 0 1 0 0
868 1 0 0 1 0 0 0 0 0
870 1 0 0 0 0 0 1 0 0
877 1 0 0 1 0 0 0 0 0
879 1 0 0 0 0 0 1 0 0
881 1 0 0 0 0 0 1 0 0
886 1 0 0 0 0 0 1 0 0
887 3 0 0 2 0 0 0 0 0
fn=version_check_doit
672 2 1 1 0 0 0 1 0 0
674 6 0 0 2 0 0 1 0 0
678 2 0 0 2 0 0 0 0 0
fl=/build/eglibc-ripdx6/eglibc-2.19/elf/setup-vdso.h
fn=dl_main
24 2 1 1 1 0 0 0 0 0
fl=/build/eglibc-ripdx6/eglibc-2.19/io/../sysdeps/unix/syscall-template.S
fn=__write_nocancel
81 10 1 1 2 0 0 0 0 0
fn=access
81 12 1 1 0 0 0 0 0 0
83 15 0 0 3 0 0 3 1 1
fn=close
81 12 0 0 0 0 0 0 0 0
82 3 0 0 3 0 0 0 0 0
fn=open
81 28 1 1 0 0 0 0 0 0
82 3 0 0 3 0 0 0 0 0
83 20 0 0 4 0 0 4 0 0
fn=read
81 8 1 1 0 0 0 0 0 0
82 2 0 0 2 0 0 0 0 0
fn=write
81 4 1 1 2 0 0 0 0 0
fl=/build/eglibc-ripdx6/eglibc-2.19/io/../sysdeps/unix/sysv/linux/wordsize-64/fxstat.c
fn=_fxstat
33 4 0 0 0 0 0 0 0 0
34 8 2 2 0 0 0 0 0 0
35 24 2 2 0 0 0 0 0 0
39 4 0 0 4 0 0 0 0 0
fl=/build/eglibc-ripdx6/eglibc-2.19/io/../sysdeps/unix/sysv/linux/wordsize-64/xstat.c
fn=_xstat
33 4 0 0 0 0 0 0 0 0
34 8 1 1 0 0 0 0 0 0
35 36 0 0 3 0 0 3 0 0
39 1 0 0 1 0 0 0 0 0
fl=/build/eglibc-ripdx6/eglibc-2.19/libio/../sysdeps/unix/sysv/linux/sys/sysmacros.h
fn=_IO_file_doallocate
41 6 0 0 0 0 0 0 0 0
fl=/build/eglibc-ripdx6/eglibc-2.19/libio/filedoalloc.c
fn=_IO_file_doallocate
96 5 1 1 0 0 0 3 0 0
111 8 1 1 3 1 0 1 0 0
113 4 0 0 1 0 0 0 0 0
116 2 0 0 0 0 0 0 0 0
118 2 2 2 1 0 0 0 0 0
121 1 0 0 1 0 0 0 0 0
124 6 1 1 1 0 0 0 0 0
128 8 0 0 0 0 0 1 0 0
129 5 0 0 0 0 0 1 0 0
130 1 0 0 0 0 0 0 0 0
131 5 0 0 4 0 0 0 0 0
fl=/build/eglibc-ripdx6/eglibc-2.19/libio/fileops.c
fn=_IO_do_write@@GLIBC_2.2.5
509 18 1 1 0 0 0 12 0 0
511 17 1 1 0 0 0 0 0 0
512 18 0 0 15 0 0 0 0 0
523 8 0 0 2 0 0 0 0 0
530 8 0 0 4 0 0 0 0 0
538 12 1 1 4 0 0 2 0 0
539 6 0 0 2 0 0 0 0 0
541 8 0 0 2 0 0 6 0 0
542 4 0 0 0 0 0 4 0 0
543 2 0 0 0 0 0 2 0 0
544 4 1 1 2 0 0 0 0 0
545 6 1 1 2 0 0 0 0 0
fn=_IO_file_overflow@@GLIBC_2.2.5
824 64 1 1 0 0 0 48 0 0
825 48 0 0 16 0 0 0 0 0
832 108 0 0 30 0 0 0 0 0
835 2 1 1 1 0 0 0 0 0
837 2 1 1 0 0 0 1 0 0
838 6 0 0 2 0 0 3 0 0
847 2 0 0 0 0 0 0 0 0
856 4 0 0 2 0 0 0 0 0
858 1 0 0 0 0 0 1 0 0
859 2 0 0 0 0 0 1 0 0
860 1 0 0 0 0 0 1 0 0
861 2 1 1 0 0 0 2 0 0
863 3 0 0 0 0 0 1 0 0
864 5 0 0 1 0 0 0 0 0
865 2 0 0 0 0 0 1 0 0
867 32 1 1 0 0 0 0 0 0
868 2 1 1 0 0 0 0 0 0
869 1 0 0 0 0 0 0 0 0
870 30 0 0 15 0 0 0 0 0
873 45 0 0 0 0 0 30 1 0
874 45 0 0 15 0 0 0 0 0
875 60 0 0 0 0 0 0 0 0
876 8 1 1 0 0 0 2 0 0
877 6 0 0 4 0 0 0 0 0
879 15 0 0 0 0 0 0 0 0
880 63 0 0 63 0 0 0 0 0
fn=_IO_file_setbuf@@GLIBC_2.2.5
461 2 1 1 0 0 0 1 0 0
462 3 0 0 0 0 0 1 0 0
465 2 0 0 0 0 0 2 0 0
466 2 0 0 1 0 0 1 0 0
467 3 1 1 0 0 0 3 0 0
469 1 0 0 0 0 0 0 0 0
470 2 0 0 2 0 0 0 0 0
fn=_IO_file_stat
1222 1 1 1 0 0 0 0 0 0
1223 3 0 0 1 0 0 0 0 0
fn=_IO_file_sync@@GLIBC_2.2.5
886 2 1 1 0 0 0 1 0 0
891 4 0 0 2 0 0 0 0 0
893 1 1 1 1 0 0 0 0 0
894 2 0 0 1 0 0 0 0 0
911 2 0 0 0 0 0 1 0 0
915 2 0 0 2 0 0 0 0 0
fn=_IO_file_write@@GLIBC_2.2.5
1254 14 0 0 0 0 0 8 0 0
1256 14 0 0 0 0 0 0 0 0
1260 6 0 0 2 0 0 0 0 0
1261 6 1 1 2 0 0 2 0 0
1262 4 0 0 0 0 0 0 0 0
1267 2 0 0 0 0 0 0 0 0
1268 2 0 0 0 0 0 0 0 0
1271 6 0 0 2 0 0 0 0 0
1274 18 1 1 10 0 0 0 0 0
fn=_IO_file_xsputn@@GLIBC_2.2.5
1281 8 1 1 0 0 0 6 0 0
1287 2 0 0 0 0 0 0 0 0
1288 1 0 0 0 0 0 0 0 0
1294 6 0 0 1 0 0 0 0 0
1311 6 1 1 2 0 0 0 0 0
1328 3 0 0 0 0 0 0 0 0
1332 6 0 0 2 1 0 1 0 0
1338 2 1 1 2 0 0 0 0 0
1339 6 0 0 0 0 0 0 0 0
1341 3 0 0 0 0 0 0 0 0
1352 2 0 0 0 0 0 0 0 0
1353 6 0 0 0 0 0 1 0 0
1355 2 1 1 0 0 0 0 0 0
1356 8 0 0 7 0 0 0 0 0
fl=/build/eglibc-ripdx6/eglibc-2.19/libio/genops.c
fn=_IO_cleanup
950 13 0 0 4 0 0 0 0 0
952 9 0 0 3 0 0 0 0 0
953 4 0 0 0 0 0 0 0 0
954 2 0 0 0 0 0 0 0 0
956 4 1 1 1 0 0 0 0 0
962 17 1 1 7 0 0 2 0 0
970 5 0 0 2 0 0 0 0 0
972 2 1 1 0 0 0 1 0 0
974 2 0 0 1 0 0 1 0 0
975 1 0 0 0 0 0 1 0 0
976 2 0 0 1 0 0 1 0 0
977 4 0 0 1 0 0 1 0 0
980 5 0 0 2 0 0 1 0 0
983 5 1 1 1 0 0 0 0 0
984 8 1 1 3 0 0 1 0 0
990 3 1 1 0 0 0 3 0 0
1010 5 2 2 0 0 0 4 0 0
1013 3 0 0 0 0 0 1 0 0
1025 7 0 0 5 0 0 0 0 0
fn=_IO_default_setbuf
400 5 0 0 1 0 0 0 0 0
402 1 0 0 0 0 0 1 0 0
403 1 0 0 0 0 0 1 0 0
407 2 0 0 0 0 0 1 0 0
557 6 1 1 0 0 0 3 0 0
558 4 0 0 2 0 0 1 0 0
560 2 0 0 0 0 0 0 0 0
562 2 0 0 0 0 0 1 0 0
563 2 1 1 0 0 0 0 0 0
567 2 0 0 1 0 0 0 0 0
570 3 0 0 0 0 0 3 0 0
571 3 1 1 0 0 0 3 0 0
572 1 0 0 0 0 0 0 0 0
573 4 0 0 4 0 0 0 0 0
fn=_IO_default_xsputn
447 6 1 1 0 0 0 5 0 0
450 6 1 1 0 0 0 0 0 0
451 1 0 0 0 0 0 0 0 0
455 60 1 1 30 0 0 0 0 0
480 142 0 0 42 0 0 14 0 0
482 14 0 0 0 0 0 0 0 0
484 2 1 1 0 0 0 0 0 0
485 6 0 0 6 0 0 0 0 0
fn=_IO_doallocbuf
414 4 1 1 0 0 0 3 0 0
415 2 0 0 1 0 0 0 0 0
417 3 0 0 1 0 0 0 0 0
418 5 0 0 2 1 0 1 0 0
421 4 0 0 4 0 0 0 0 0
fn=_IO_flush_all_lockp
822 8 1 1 0 0 0 6 0 0
823 1 0 0 0 0 0 0 0 0
828 3 0 0 0 0 0 0 0 0
833 1 0 0 1 1 1 0 0 0
834 1 1 1 1 0 0 0 0 0
835 8 1 1 0 0 0 0 0 0
837 3 0 0 0 0 0 3 0 0
838 6 0 0 0 0 0 0 0 0
839 2 0 0 1 0 0 0 0 0
841 21 3 3 9 4 2 0 0 0
851 6 0 0 0 0 0 0 0 0
853 3 0 0 0 0 0 3 0 0
855 9 1 1 3 0 0 0 0 0
862 3 0 0 3 2 1 0 0 0
866 2 0 0 0 0 0 0 0 0
868 2 0 0 0 0 0 0 0 0
872 9 0 0 7 0 0 0 0 0
fn=_IO_setb
399 5 1 1 0 0 0 2 0 0
400 4 0 0 2 0 0 0 0 0
402 1 0 0 0 0 0 1 0 0
403 1 0 0 0 0 0 1 0 0
405 6 1 1 0 0 0 1 0 0
408 4 0 0 3 0 0 0 0 0
fn=__overflow
241 3 1 1 1 0 0 0 0 0
243 3 1 1 2 0 0 0 0 0
fl=/build/eglibc-ripdx6/eglibc-2.19/libio/ioputs.c
fn=puts
34 4 1 1 0 0 0 3 0 0
36 2 0 0 0 0 0 1 0 0
37 19 2 2 11 3 2 1 0 0
40 4 0 0 1 1 0 1 0 0
41 6 1 1 2 1 0 1 0 0
42 9 1 1 3 0 0 1 0 0
43 4 0 0 0 0 0 0 0 0
47 5 0 0 4 0 0 0 0 0
fl=/build/eglibc-ripdx6/eglibc-2.19/libio/libioP.h
fn=puts
904 2 1 1 1 0 0 0 0 0
905 8 0 0 4 0 0 1 0 0
fl=/build/eglibc-ripdx6/eglibc-2.19/misc/../sysdeps/unix/syscall-template.S
fn=mmap
81 45 4 4 0 0 0 0 0 0
82 9 0 0 9 0 0 0 0 0
fn=mprotect
81 24 1 1 0 0 0 0 0 0
82 6 0 0 6 0 0 0 0 0
fn=munmap
81 4 0 0 0 0 0 0 0 0
82 1 0 0 1 0 0 0 0 0
fl=/build/eglibc-ripdx6/eglibc-2.19/misc/init-misc.c
fn=__init_misc
30 4 1 1 0 0 0 2 0 0
31 5 0 0 1 0 0 0 0 0
33 3 0 0 0 0 0 1 0 0
37 5 0 0 1 0 0 1 1 0
38 3 1 1 2 0 0 1 0 0
40 4 0 0 3 0 0 0 0 0
fl=/build/eglibc-ripdx6/eglibc-2.19/nptl/../nptl/sysdeps/unix/sysv/linux/unregister-atfork.c
fn=__unregister_atfork
28 2 0 0 0 0 0 1 0 0
36 1 1 1 1 1 1 0 0 0
39 2 0 0 0 0 0 0 0 0
121 2 0 0 2 0 0 0 0 0
fl=/build/eglibc-ripdx6/eglibc-2.19/posix/../sysdeps/unix/syscall-template.S
fn=uname
81 4 1 1 0 0 0 0 0 0
82 1 0 0 1 0 0 0 0 0
fl=/build/eglibc-ripdx6/eglibc-2.19/posix/../sysdeps/unix/sysv/linux/_exit.c
fn=_Exit
28 2 1 1 1 0 0 0 0 0
32 4 1 1 0 0 0 0 0 0
34 2 0 0 0 0 0 0 0 0
fl=/build/eglibc-ripdx6/eglibc-2.19/setjmp/../sysdeps/x86_64/bsd-_setjmp.S
fn=_setjmp
30 1 1 1 0 0 0 0 0 0
32 1 0 0 0 0 0 0 0 0
fl=/build/eglibc-ripdx6/eglibc-2.19/setjmp/../sysdeps/x86_64/setjmp.S
fn=__sigsetjmp
26 4 2 2 0 0 0 4 0 0
35 4 0 0 0 0 0 0 0 0
36 8 1 1 4 0 0 0 0 0
37 4 0 0 0 0 0 4 0 0
41 4 0 0 0 0 0 4 0 0
42 4 0 0 0 0 0 4 0 0
43 4 0 0 0 0 0 4 0 0
44 4 0 0 0 0 0 4 0 0
45 4 0 0 0 0 0 0 0 0
47 8 1 1 4 0 0 0 0 0
49 4 0 0 0 0 0 4 0 0
50 4 0 0 4 0 0 0 0 0
53 8 0 0 4 0 0 0 0 0
55 4 1 1 0 0 0 4 1 1
59 3 0 0 0 0 0 0 0 0
60 3 0 0 3 0 0 0 0 0
64 1 0 0 0 0 0 0 0 0
fl=/build/eglibc-ripdx6/eglibc-2.19/setjmp/sigjmp.c
fn=__sigjmp_save
28 2 0 0 0 0 0 1 0 0
29 4 0 0 0 0 0 1 0 0
34 3 0 0 2 0 0 0 0 0
fl=/build/eglibc-ripdx6/eglibc-2.19/stdlib/cxa_atexit.c
fn=__cxa_atexit
35 2 0 0 0 0 0 1 0 0
37 2 0 0 0 0 0 0 0 0
41 3 1 1 1 0 0 0 0 0
43 1 0 0 0 0 0 1 0 0
44 1 0 0 0 0 0 1 0 0
45 1 0 0 0 0 0 1 0 0
47 1 0 0 0 0 0 1 0 0
48 1 0 0 0 0 0 0 0 0
57 6 1 1 0 0 0 3 0 0
59 4 0 0 4 0 0 0 0 0
fn=__new_exitfn
73 4 1 1 0 0 0 2 0 0
74 2 0 0 0 0 0 0 0 0
79 6 1 1 2 2 2 0 0 0
81 8 1 1 2 1 0 0 0 0
83 3 0 0 1 1 0 0 0 0
91 1 0 0 0 0 0 1 0 0
112 1 1 1 0 0 0 0 0 0
113 2 0 0 0 0 0 1 0 0
126 1 1 1 0 0 0 1 0 0
127 1 0 0 1 1 1 0 0 0
130 4 0 0 2 0 0 0 0 0
133 5 0 0 3 0 0 0 0 0
fl=/build/eglibc-ripdx6/eglibc-2.19/stdlib/cxa_finalize.c
fn=__cxa_finalize
31 8 1 1 0 0 0 6 0 0
35 7 2 2 2 0 0 0 0 0
39 6 0 0 1 0 0 0 0 0
48 1 0 0 0 0 0 0 0 0
67 7 0 0 2 0 0 0 0 0
71 6 1 1 1 0 0 0 0 0
79 2 0 0 0 0 0 0 0 0
80 2 0 0 0 0 0 0 0 0
82 7 1 1 6 0 0 0 0 0
fl=/build/eglibc-ripdx6/eglibc-2.19/stdlib/cxa_thread_atexit_impl.c
fn=__call_tls_dtors
82 3 1 1 0 0 0 3 0 0
83 5 1 1 1 0 0 1 0 0
101 4 1 1 4 0 0 0 0 0
fl=/build/eglibc-ripdx6/eglibc-2.19/stdlib/exit.c
fn=__run_exit_handlers
35 8 1 1 0 0 0 4 0 0
40 2 0 0 1 0 0 1 0 0
46 8 0 0 2 0 0 0 0 0
50 6 1 1 0 0 0 0 0 0
52 1 0 0 0 0 0 1 0 0
53 1 0 0 0 0 0 0 0 0
54 5 0 0 1 0 0 0 0 0
78 1 1 1 1 0 0 0 0 0
80 2 0 0 1 0 0 0 0 0
82 3 0 0 1 0 0 1 0 0
83 1 0 0 0 0 0 0 0 0
87 2 0 0 1 0 0 1 0 0
88 2 0 0 0 0 0 0 0 0
94 2 1 1 0 0 0 0 0 0
95 8 0 0 1 1 0 1 0 0
97 2 0 0 0 0 0 1 0 0
fn=exit
103 1 0 0 0 0 0 0 0 0
104 3 1 1 0 0 0 1 0 0
fl=/build/eglibc-ripdx6/eglibc-2.19/string/../bits/stdlib-bsearch.h
fn=intel_check_word
27 8 1 1 0 0 0 0 0 0
28 16 0 0 0 0 0 0 0 0
29 110 0 0 0 0 0 0 0 0
31 154 0 0 0 0 0 0 0 0
32 54 0 0 0 0 0 0 0 0
37 8 0 0 0 0 0 0 0 0
fl=/build/eglibc-ripdx6/eglibc-2.19/string/../string/memcmp.c
fn=bcmp
105 10 0 0 10 0 0 0 0 0
106 20 0 0 10 0 0 0 0 0
110 22 0 0 0 0 0 0 0 0
111 6 0 0 0 0 0 0 0 0
129 14 0 0 0 0 0 0 0 0
133 2 1 1 2 2 2 0 0 0
134 2 0 0 2 0 0 0 0 0
135 2 0 0 0 0 0 0 0 0
136 2 0 0 0 0 0 0 0 0
137 2 0 0 0 0 0 0 0 0
183 2 0 0 2 0 0 0 0 0
184 2 0 0 2 0 0 0 0 0
185 16 1 1 0 0 0 4 1 1
221 2 0 0 0 0 0 0 0 0
222 4 1 1 0 0 0 0 0 0
226 4 0 0 0 0 0 0 0 0
228 11 0 0 0 0 0 0 0 0
232 1 0 0 1 0 0 0 0 0
233 1 0 0 1 0 0 0 0 0
234 1 0 0 1 0 0 0 0 0
235 1 0 0 0 0 0 0 0 0
236 1 0 0 0 0 0 0 0 0
237 1 0 0 0 0 0 0 0 0
255 1 0 0 1 0 0 0 0 0
256 1 0 0 1 0 0 0 0 0
257 1 0 0 1 0 0 0 0 0
261 2 1 1 0 0 0 0 0 0
289 1 0 0 1 1 1 0 0 0
290 1 0 0 1 0 0 0 0 0
291 6 1 1 0 0 0 0 0 0
292 2 0 0 0 0 0 0 0 0
299 2 2 2 0 0 0 0 0 0
304 12 1 1 0 0 0 0 0 0
305 4 0 0 0 0 0 0 0 0
315 84 1 1 0 0 0 72 1 1
318 12 0 0 0 0 0 0 0 0
319 12 0 0 0 0 0 0 0 0
322 24 0 0 0 0 0 0 0 0
326 30 0 0 0 0 0 0 0 0
328 6 0 0 6 1 1 0 0 0
329 6 0 0 6 0 0 0 0 0
330 6 0 0 0 0 0 0 0 0
331 6 0 0 0 0 0 0 0 0
333 12 0 0 0 0 0 0 0 0
335 6 0 0 0 0 0 0 0 0
342 12 1 1 0 0 0 0 0 0
343 8 1 1 0 0 0 0 0 0
346 4 0 0 0 0 0 0 0 0
350 6 0 0 0 0 0 0 0 0
351 2 0 0 0 0 0 0 0 0
352 2 0 0 0 0 0 0 0 0
356 152 1 1 0 0 0 0 0 0
358 67 0 0 67 1 1 0 0 0
359 67 0 0 67 7 7 0 0 0
360 67 0 0 0 0 0 0 0 0
363 216 1 1 0 0 0 0 0 0
368 9 0 0 0 0 0 0 0 0
369 96 0 0 84 0 0 0 0 0
fl=/build/eglibc-ripdx6/eglibc-2.19/string/../sysdeps/x86_64/memcpy.S
fn=mempcpy
61 15 1 1 0 0 0 0 0 0
65 15 0 0 0 0 0 0 0 0
68 14 0 0 0 0 0 0 0 0
69 14 0 0 0 0 0 0 0 0
71 5 0 0 5 1 1 0 0 0
72 5 0 0 0 0 0 5 1 1
74 5 0 0 0 0 0 0 0 0
75 5 0 0 0 0 0 0 0 0
80 14 0 0 0 0 0 0 0 0
81 14 0 0 0 0 0 0 0 0
83 10 0 0 10 0 0 0 0 0
84 10 0 0 0 0 0 10 0 0
86 10 0 0 0 0 0 0 0 0
87 10 0 0 0 0 0 0 0 0
92 14 0 0 0 0 0 0 0 0
93 14 0 0 0 0 0 0 0 0
95 5 0 0 5 0 0 0 0 0
96 5 0 0 0 0 0 5 0 0
98 5 0 0 0 0 0 0 0 0
99 5 0 0 0 0 0 0 0 0
104 14 1 1 0 0 0 0 0 0
105 14 0 0 0 0 0 0 0 0
107 7 0 0 7 0 0 0 0 0
108 7 0 0 0 0 0 7 0 0
110 7 0 0 0 0 0 0 0 0
111 14 0 0 0 0 0 0 0 0
116 14 0 0 0 0 0 0 0 0
117 16 0 0 0 0 0 0 0 0
122 2 0 0 2 0 0 0 0 0
123 2 0 0 2 0 0 0 0 0
124 2 0 0 0 0 0 2 1 1
125 2 0 0 0 0 0 2 0 0
127 2 0 0 0 0 0 0 0 0
129 2 0 0 0 0 0 0 0 0
130 2 0 0 0 0 0 0 0 0
132 2 0 0 0 0 0 0 0 0
138 14 1 1 0 0 0 0 0 0
142 14 0 0 14 0 0 0 0 0
154 2 0 0 0 0 0 0 0 0
156 2 0 0 0 0 0 0 0 0
157 2 0 0 0 0 0 0 0 0
183 2 1 1 0 0 0 0 0 0
184 2 0 0 0 0 0 0 0 0
187 2 0 0 0 0 0 0 0 0
188 2 0 0 0 0 0 0 0 0
189 2 0 0 0 0 0 0 0 0
194 2 0 0 0 0 0 0 0 0
196 2 0 0 2 0 0 0 0 0
197 2 0 0 2 0 0 0 0 0
198 2 0 0 2 0 0 0 0 0
199 2 0 0 2 0 0 0 0 0
201 2 0 0 0 0 0 2 0 0
202 2 0 0 0 0 0 2 0 0
203 2 0 0 0 0 0 2 1 1
204 2 0 0 0 0 0 2 0 0
206 2 0 0 0 0 0 0 0 0
207 2 0 0 0 0 0 0 0 0
209 2 0 0 0 0 0 0 0 0
231 2 1 1 0 0 0 0 0 0
233 2 0 0 0 0 0 0 0 0
235 1 0 0 0 0 0 0 0 0
242 1 0 0 1 0 0 0 0 0
fl=/build/eglibc-ripdx6/eglibc-2.19/string/../sysdeps/x86_64/multiarch/../cacheinfo.c
fn=handle_intel
305 16 0 0 0 0 0 12 0 0
306 4 1 1 0 0 0 0 0 0
317 6 0 0 0 0 0 2 0 0
319 2 0 0 0 0 0 2 0 0
320 4 0 0 0 0 0 2 0 0
322 2 0 0 0 0 0 0 0 0
328 8 1 1 0 0 0 2 0 0
333 4 0 0 0 0 0 0 0 0
335 6 1 1 0 0 0 2 0 0
336 2 0 0 0 0 0 0 0 0
340 10 1 1 0 0 0 2 0 0
341 4 0 0 0 0 0 0 0 0
344 10 0 0 0 0 0 2 0 0
345 4 0 0 0 0 0 0 0 0
362 16 0 0 14 0 0 0 0 0
fn=init_cacheinfo
550 3 1 1 0 0 0 3 0 0
563 3 0 0 1 0 0 0 0 0
570 2 0 0 0 0 0 0 0 0
572 4 0 0 1 0 0 1 0 0
575 1 0 0 0 0 0 0 0 0
576 4 1 1 1 0 0 1 0 0
578 2 0 0 0 0 0 0 0 0
589 1 0 0 1 0 0 0 0 0
607 4 0 0 1 0 0 0 0 0
614 17 1 1 0 0 0 0 0 0
620 8 0 0 0 0 0 0 0 0
623 20 0 0 0 0 0 0 0 0
625 2 1 1 0 0 0 0 0 0
631 5 0 0 0 0 0 0 0 0
638 9 1 1 0 0 0 0 0 0
640 2 0 0 0 0 0 0 0 0
642 8 0 0 0 0 0 0 0 0
644 4 0 0 0 0 0 0 0 0
649 1 1 1 0 0 0 0 0 0
651 4 0 0 0 0 0 0 0 0
652 2 0 0 0 0 0 0 0 0
653 1 0 0 0 0 0 0 0 0
657 2 0 0 0 0 0 0 0 0
669 4 0 0 0 0 0 0 0 0
670 5 1 1 0 0 0 0 0 0
744 2 0 0 0 0 0 0 0 0
746 3 1 1 0 0 0 1 0 0
747 1 0 0 0 0 0 1 1 1
749 1 0 0 0 0 0 0 0 0
750 3 0 0 0 0 0 1 0 0
751 1 0 0 0 0 0 1 0 0
754 2 0 0 0 0 0 0 0 0
756 3 0 0 0 0 0 1 0 0
757 1 0 0 0 0 0 1 1 1
759 1 0 0 0 0 0 0 0 0
760 3 0 0 0 0 0 1 0 0
761 1 0 0 0 0 0 1 0 0
763 4 0 0 4 0 0 0 0 0
fn=intel_check_word
150 108 0 0 54 6 6 0 0 0
153 54 0 0 0 0 0 0 0 0
161 16 1 1 0 0 0 12 0 0
162 8 1 1 0 0 0 0 0 0
164 2 0 0 0 0 0 0 0 0
168 28 0 0 0 0 0 0 0 0
170 32 0 0 0 0 0 0 0 0
172 10 0 0 0 0 0 0 0 0
174 20 0 0 0 0 0 0 0 0
182 20 1 1 0 0 0 0 0 0
194 39 2 2 0 0 0 0 0 0
199 16 0 0 0 0 0 0 0 0
203 10 1 1 0 0 0 0 0 0
205 5 1 1 0 0 0 0 0 0
210 8 0 0 0 0 0 0 0 0
213 2 1 1 0 0 0 0 0 0
215 4 0 0 0 0 0 0 0 0
217 10 1 1 0 0 0 0 0 0
218 8 0 0 0 0 0 0 0 0
219 8 1 1 0 0 0 0 0 0
220 2 0 0 0 0 0 0 0 0
228 3 1 1 0 0 0 0 0 0
235 16 0 0 0 0 0 0 0 0
295 8 1 1 0 0 0 0 0 0
300 16 0 0 16 0 0 0 0 0
fl=/build/eglibc-ripdx6/eglibc-2.19/string/../sysdeps/x86_64/multiarch/../memcpy.S
fn=memcpy
61 13 1 1 0 0 0 0 0 0
63 13 0 0 0 0 0 0 0 0
65 13 0 0 0 0 0 0 0 0
68 12 0 0 0 0 0 0 0 0
69 12 0 0 0 0 0 0 0 0
71 4 0 0 4 0 0 0 0 0
72 4 0 0 0 0 0 4 2 2
74 4 0 0 0 0 0 0 0 0
75 4 0 0 0 0 0 0 0 0
80 12 0 0 0 0 0 0 0 0
81 12 0 0 0 0 0 0 0 0
83 3 0 0 3 0 0 0 0 0
84 3 0 0 0 0 0 3 1 1
86 3 0 0 0 0 0 0 0 0
87 6 0 0 0 0 0 0 0 0
92 12 0 0 0 0 0 0 0 0
93 12 0 0 0 0 0 0 0 0
95 4 0 0 4 0 0 0 0 0
96 4 0 0 0 0 0 4 0 0
98 4 0 0 0 0 0 0 0 0
99 4 0 0 0 0 0 0 0 0
104 12 1 1 0 0 0 0 0 0
105 12 0 0 0 0 0 0 0 0
107 7 0 0 7 0 0 0 0 0
108 7 0 0 0 0 0 7 0 0
110 7 0 0 0 0 0 0 0 0
111 7 0 0 0 0 0 0 0 0
116 12 0 0 0 0 0 0 0 0
117 17 0 0 0 0 0 0 0 0
122 5 0 0 5 0 0 0 0 0
123 5 0 0 5 0 0 0 0 0
124 5 0 0 0 0 0 5 0 0
125 5 0 0 0 0 0 5 0 0
127 5 0 0 0 0 0 0 0 0
129 5 0 0 0 0 0 0 0 0
130 5 0 0 0 0 0 0 0 0
132 5 0 0 0 0 0 0 0 0
140 12 0 0 12 0 0 0 0 0
148 5 1 1 0 0 0 5 0 0
154 5 0 0 0 0 0 0 0 0
156 5 0 0 0 0 0 0 0 0
157 5 0 0 0 0 0 0 0 0
160 2 0 0 0 0 0 0 0 0
161 4 0 0 0 0 0 0 0 0
166 6 0 0 6 0 0 0 0 0
167 6 0 0 0 0 0 6 1 1
169 6 0 0 0 0 0 0 0 0
171 6 0 0 0 0 0 0 0 0
172 6 0 0 0 0 0 0 0 0
174 8 0 0 0 0 0 0 0 0
183 5 1 1 0 0 0 0 0 0
184 5 0 0 0 0 0 0 0 0
187 5 0 0 0 0 0 0 0 0
188 5 0 0 0 0 0 0 0 0
189 5 0 0 0 0 0 0 0 0
194 4 0 0 0 0 0 0 0 0
196 4 0 0 4 0 0 0 0 0
197 4 0 0 4 0 0 0 0 0
198 4 0 0 4 0 0 0 0 0
199 4 0 0 4 0 0 0 0 0
201 4 0 0 0 0 0 4 2 2
202 4 0 0 0 0 0 4 0 0
203 4 0 0 0 0 0 4 0 0
204 4 0 0 0 0 0 4 0 0
206 4 0 0 0 0 0 0 0 0
207 4 0 0 0 0 0 0 0 0
209 4 0 0 0 0 0 0 0 0
231 5 1 1 0 0 0 0 0 0
237 5 0 0 5 0 0 0 0 0
238 5 0 0 0 0 0 0 0 0
240 1 0 0 1 0 0 0 0 0
fl=/build/eglibc-ripdx6/eglibc-2.19/string/../sysdeps/x86_64/multiarch/../rtld-strlen.S
fn=strlen
26 12 1 1 0 0 0 0 0 0
27 12 0 0 0 0 0 0 0 0
28 12 0 0 0 0 0 0 0 0
29 12 0 0 0 0 0 0 0 0
31 6 0 0 0 0 0 0 0 0
32 6 0 0 0 0 0 0 0 0
34 28 1 1 28 1 1 0 0 0
35 28 0 0 0 0 0 0 0 0
36 27 0 0 0 0 0 0 0 0
37 27 0 0 0 0 0 0 0 0
38 27 0 0 0 0 0 0 0 0
40 22 0 0 0 0 0 0 0 0
45 14 0 0 14 0 0 0 0 0
46 14 0 0 0 0 0 0 0 0
47 14 0 0 0 0 0 0 0 0
48 14 0 0 0 0 0 0 0 0
51 14 0 0 0 0 0 0 0 0
52 10 0 0 0 0 0 0 0 0
53 10 0 0 0 0 0 0 0 0
54 10 0 0 0 0 0 0 0 0
56 10 0 0 0 0 0 0 0 0
59 10 0 0 10 0 0 0 0 0
60 10 1 1 0 0 0 0 0 0
61 10 0 0 0 0 0 0 0 0
62 10 0 0 0 0 0 0 0 0
65 10 0 0 0 0 0 0 0 0
66 5 0 0 0 0 0 0 0 0
67 5 0 0 0 0 0 0 0 0
68 5 0 0 0 0 0 0 0 0
70 5 0 0 0 0 0 0 0 0
73 5 0 0 5 0 0 0 0 0
74 5 0 0 0 0 0 0 0 0
75 5 0 0 0 0 0 0 0 0
76 5 0 0 0 0 0 0 0 0
79 5 0 0 0 0 0 0 0 0
80 5 0 0 0 0 0 0 0 0
81 5 0 0 0 0 0 0 0 0
82 5 0 0 0 0 0 0 0 0
84 5 0 0 0 0 0 0 0 0
87 5 0 0 5 0 0 0 0 0
88 5 0 0 0 0 0 0 0 0
89 5 0 0 0 0 0 0 0 0
90 5 0 0 0 0 0 0 0 0
93 5 0 0 0 0 0 0 0 0
94 4 0 0 0 0 0 0 0 0
95 4 0 0 0 0 0 0 0 0
96 4 0 0 0 0 0 0 0 0
98 5 0 0 0 0 0 0 0 0
101 11 1 1 0 0 0 0 0 0
103 11 0 0 0 0 0 0 0 0
104 11 0 0 0 0 0 0 0 0
105 11 0 0 0 0 0 0 0 0
107 11 0 0 0 0 0 0 0 0
108 11 0 0 0 0 0 0 0 0
109 11 0 0 0 0 0 0 0 0
111 11 0 0 0 0 0 0 0 0
112 11 0 0 0 0 0 0 0 0
113 9 0 0 0 0 0 0 0 0
115 9 0 0 0 0 0 0 0 0
116 9 0 0 0 0 0 0 0 0
117 8 0 0 0 0 0 0 0 0
119 8 0 0 0 0 0 0 0 0
121 8 0 0 0 0 0 0 0 0
122 8 0 0 0 0 0 0 0 0
123 7 0 0 0 0 0 0 0 0
125 7 0 0 0 0 0 0 0 0
126 7 0 0 0 0 0 0 0 0
127 7 0 0 0 0 0 0 0 0
129 7 0 0 0 0 0 0 0 0
130 7 0 0 0 0 0 0 0 0
131 5 0 0 0 0 0 0 0 0
133 12 1 1 0 0 0 0 0 0
134 12 0 0 12 0 0 0 0 0
fl=/build/eglibc-ripdx6/eglibc-2.19/string/../sysdeps/x86_64/multiarch/../strchr.S
fn=index
24 7 1 1 0 0 0 0 0 0
25 7 0 0 0 0 0 0 0 0
26 7 0 0 0 0 0 0 0 0
27 7 0 0 0 0 0 0 0 0
28 7 0 0 0 0 0 0 0 0
29 7 0 0 0 0 0 0 0 0
30 7 0 0 0 0 0 0 0 0
31 7 1 1 0 0 0 0 0 0
32 7 0 0 7 2 2 0 0 0
33 7 0 0 0 0 0 0 0 0
34 7 0 0 0 0 0 0 0 0
35 7 0 0 0 0 0 0 0 0
36 7 0 0 0 0 0 0 0 0
37 7 0 0 0 0 0 0 0 0
38 7 0 0 0 0 0 0 0 0
39 7 0 0 0 0 0 0 0 0
40 7 0 0 0 0 0 0 0 0
41 5 0 0 0 0 0 0 0 0
45 5 0 0 0 0 0 0 0 0
46 5 0 0 0 0 0 0 0 0
47 5 0 0 5 0 0 0 0 0
48 5 0 0 0 0 0 0 0 0
50 5 0 0 5 0 0 0 0 0
54 2 0 0 2 0 0 0 0 0
55 2 1 1 0 0 0 0 0 0
56 2 0 0 0 0 0 0 0 0
57 2 0 0 0 0 0 0 0 0
58 2 0 0 0 0 0 0 0 0
59 2 0 0 0 0 0 0 0 0
60 2 0 0 2 0 0 0 0 0
61 2 0 0 0 0 0 0 0 0
62 2 0 0 0 0 0 0 0 0
63 2 0 0 0 0 0 0 0 0
64 2 0 0 0 0 0 0 0 0
65 2 0 0 0 0 0 0 0 0
66 2 0 0 0 0 0 0 0 0
67 2 0 0 2 0 0 0 0 0
68 2 0 0 0 0 0 0 0 0
69 2 0 0 0 0 0 0 0 0
70 2 0 0 0 0 0 0 0 0
71 2 1 1 0 0 0 0 0 0
72 2 0 0 0 0 0 0 0 0
73 2 0 0 0 0 0 0 0 0
74 2 0 0 0 0 0 0 0 0
75 2 0 0 0 0 0 0 0 0
76 2 0 0 0 0 0 0 0 0
77 2 0 0 0 0 0 0 0 0
129 2 1 1 0 0 0 0 0 0
133 2 0 0 0 0 0 0 0 0
134 2 0 0 0 0 0 0 0 0
135 2 0 0 2 0 0 0 0 0
136 2 0 0 0 0 0 0 0 0
138 2 0 0 2 0 0 0 0 0
fl=/build/eglibc-ripdx6/eglibc-2.19/string/../sysdeps/x86_64/multiarch/../strcmp.S
fn=strcmp
131 1349 0 0 1349 15 10 0 0 0
132 1349 0 0 1349 9 2 0 0 0
133 1349 0 0 0 0 0 0 0 0
134 1279 0 0 0 0 0 0 0 0
135 1279 0 0 0 0 0 0 0 0
136 1279 0 0 0 0 0 0 0 0
137 1279 0 0 0 0 0 0 0 0
139 104 0 0 0 0 0 0 0 0
140 104 0 0 104 0 0 0 0 0
142 70 0 0 0 0 0 0 0 0
143 70 0 0 0 0 0 0 0 0
144 70 0 0 0 0 0 0 0 0
145 70 0 0 70 0 0 0 0 0
fl=/build/eglibc-ripdx6/eglibc-2.19/string/../sysdeps/x86_64/multiarch/memmove.c
fn=memcpy@GLIBC_2.2.5
49 1 1 1 0 0 0 0 0 0
fl=/build/eglibc-ripdx6/eglibc-2.19/string/../sysdeps/x86_64/multiarch/strcmp.S
fn=strcasecmp
114 1 1 1 1 1 1 0 0 0
115 1 0 0 0 0 0 0 0 0
116 1 0 0 0 0 0 1 0 0
119 1 1 1 0 0 0 0 0 0
120 1 0 0 1 0 0 0 0 0
121 1 0 0 0 0 0 0 0 0
132 1 1 1 1 0 0 0 0 0
fn=strncasecmp
140 1 1 1 1 0 0 0 0 0
141 1 0 0 0 0 0 0 0 0
145 1 0 0 0 0 0 0 0 0
146 1 0 0 1 0 0 0 0 0
147 1 1 1 0 0 0 0 0 0
158 1 0 0 1 0 0 0 0 0
fl=/build/eglibc-ripdx6/eglibc-2.19/string/../sysdeps/x86_64/rtld-memset.S
fn=memset
30 13 0 0 0 0 0 0 0 0
31 13 0 0 0 0 0 0 0 0
32 13 0 0 0 0 0 0 0 0
33 2161 0 0 0 0 0 2148 34 34
34 13 0 0 0 0 0 0 0 0
35 13 0 0 13 0 0 0 0 0
fl=/build/eglibc-ripdx6/eglibc-2.19/string/../sysdeps/x86_64/strlen.S
fn=strlen
66 1 1 1 0 0 0 0 0 0
67 1 0 0 0 0 0 0 0 0
68 1 0 0 0 0 0 0 0 0
69 1 0 0 0 0 0 0 0 0
70 1 0 0 0 0 0 0 0 0
71 1 0 0 0 0 0 0 0 0
72 1 0 0 0 0 0 0 0 0
74 1 0 0 0 0 0 0 0 0
76 1 0 0 0 0 0 0 0 0
106 1 0 0 1 1 1 0 0 0
107 1 1 1 0 0 0 0 0 0
108 1 0 0 0 0 0 0 0 0
109 1 0 0 0 0 0 0 0 0
110 1 0 0 0 0 0 0 0 0
111 1 0 0 0 0 0 0 0 0
112 1 0 0 1 0 0 0 0 0
fl=/build/eglibc-ripdx6/eglibc-2.19/string/../sysdeps/x86_64/strrchr.S
fn=rindex
24 1 1 1 0 0 0 0 0 0
25 1 0 0 0 0 0 0 0 0
26 1 0 0 0 0 0 0 0 0
27 1 0 0 0 0 0 0 0 0
28 1 0 0 0 0 0 0 0 0
29 1 0 0 0 0 0 0 0 0
30 1 0 0 0 0 0 0 0 0
31 1 0 0 0 0 0 0 0 0
32 1 0 0 1 1 0 0 0 0
33 1 0 0 0 0 0 0 0 0
34 1 1 1 0 0 0 0 0 0
35 1 0 0 0 0 0 0 0 0
36 1 0 0 0 0 0 0 0 0
37 1 0 0 0 0 0 0 0 0
38 1 0 0 0 0 0 0 0 0
39 1 0 0 0 0 0 0 0 0
40 1 0 0 0 0 0 0 0 0
41 1 0 0 0 0 0 0 0 0
42 1 0 0 0 0 0 0 0 0
43 1 0 0 0 0 0 0 0 0
44 1 0 0 0 0 0 0 0 0
45 1 0 0 0 0 0 0 0 0
46 1 0 0 0 0 0 0 0 0
47 1 0 0 1 0 0 0 0 0
fl=/build/eglibc-ripdx6/eglibc-2.19/time/../sysdeps/generic/dl-hash.h
fn=gettimeofday
43 1 0 0 0 0 0 0 0 0
44 1 1 1 0 0 0 0 0 0
45 13 1 1 4 0 0 0 0 0
48 12 0 0 0 0 0 0 0 0
49 8 0 0 0 0 0 0 0 0
62 8 0 0 0 0 0 0 0 0
67 1 0 0 0 0 0 0 0 0
fn=time
43 1 0 0 0 0 0 0 0 0
44 1 0 0 0 0 0 0 0 0
45 13 0 0 4 1 1 0 0 0
48 12 0 0 0 0 0 0 0 0
49 8 1 1 0 0 0 0 0 0
62 8 0 0 0 0 0 0 0 0
67 1 0 0 0 0 0 0 0 0
fl=/build/eglibc-ripdx6/eglibc-2.19/time/../sysdeps/unix/sysv/linux/x86_64/gettimeofday.c
fn=gettimeofday
30 1 0 0 0 0 0 0 0 0
31 7 0 0 0 0 0 4 0 0
34 3 0 0 0 0 0 1 0 0
35 3 0 0 0 0 0 0 0 0
36 3 0 0 1 0 0 0 0 0
fl=/build/eglibc-ripdx6/eglibc-2.19/time/../sysdeps/unix/sysv/linux/x86_64/time.c
fn=time
36 1 0 0 0 0 0 0 0 0
37 7 1 1 0 0 0 4 0 0
40 6 1 1 0 0 0 1 0 0
41 3 0 0 1 0 0 0 0 0
fl=???
fn=???
0 188 20 14 92 3 1 25 1 1
fn=__libc_csu_init
0 34 2 2 8 1 0 8 0 0
fn=_dl_debug_initialize
0 4 0 0 3 0 0 0 0 0
fn=main
0 7 0 0 2 0 0 2 0 0
fn=memcpy@GLIBC_2.2.5
0 12 0 0 4 0 0 0 0 0
summary: 103538 777 765 26203 1216 1041 13155 506 475
